celln,experiment,trial,fmod,VS,nspikes
06,all,0,50,0.67955,608
06,all,1,50,0.67428,642
06,all,2,50,0.67811,597
06,all,3,50,0.67051,617
06,all,4,50,0.65785,605
06,all,5,50,0.65097,615
06,all,6,50,0.65164,628
06,all,7,50,0.66406,600
06,all,8,50,0.65013,605
06,all,9,50,0.68482,607
06,all,0,100,0.94359,767
06,all,1,100,0.93806,769
06,all,2,100,0.94527,765
06,all,3,100,0.94445,765
06,all,4,100,0.94188,766
06,all,5,100,0.94024,769
06,all,6,100,0.96022,758
06,all,7,100,0.92580,775
06,all,8,100,0.92904,774
06,all,9,100,0.93749,768
06,all,0,200,0.92008,1478
06,all,1,200,0.92056,1467
06,all,2,200,0.91448,1477
06,all,3,200,0.91666,1476
06,all,4,200,0.92492,1487
06,all,5,200,0.91947,1480
06,all,6,200,0.92023,1480
06,all,7,200,0.92214,1479
06,all,8,200,0.92261,1478
06,all,9,200,0.92096,1484
06,all,0,300,0.83248,1552
06,all,1,300,0.82812,1528
06,all,2,300,0.82517,1523
06,all,3,300,0.82743,1567
06,all,4,300,0.82419,1548
06,all,5,300,0.83140,1534
06,all,6,300,0.82543,1545
06,all,7,300,0.83098,1570
06,all,8,300,0.82913,1544
06,all,9,300,0.83840,1530
06,all,0,400,0.77188,1189
06,all,1,400,0.76064,1175
06,all,2,400,0.77746,1185
06,all,3,400,0.75796,1184
06,all,4,400,0.77522,1196
06,all,5,400,0.77540,1162
06,all,6,400,0.76956,1170
06,all,7,400,0.77457,1201
06,all,8,400,0.76684,1196
06,all,9,400,0.76970,1188
06,all,0,500,0.67220,1077
06,all,1,500,0.67180,1082
06,all,2,500,0.66078,1086
06,all,3,500,0.68521,1099
06,all,4,500,0.69345,1076
06,all,5,500,0.68385,1083
06,all,6,500,0.66972,1109
06,all,7,500,0.69014,1121
06,all,8,500,0.70375,1082
06,all,9,500,0.64984,1081
06,all,0,750,0.41013,954
06,all,1,750,0.39599,946
06,all,2,750,0.39768,936
06,all,3,750,0.36236,899
06,all,4,750,0.38831,950
06,all,5,750,0.39603,943
06,all,6,750,0.41345,956
06,all,7,750,0.41127,969
06,all,8,750,0.38669,928
06,all,9,750,0.43351,970
06,all,0,1000,0.14757,922
06,all,1,1000,0.09076,877
06,all,2,1000,0.13795,906
06,all,3,1000,0.15440,906
06,all,4,1000,0.14343,919
06,all,5,1000,0.14999,943
06,all,6,1000,0.11571,919
06,all,7,1000,0.14040,911
06,all,8,1000,0.17759,917
06,all,9,1000,0.14264,913
06,largestonly,0,50,0.80505,101
06,largestonly,1,50,0.72441,119
06,largestonly,2,50,0.76680,105
06,largestonly,3,50,0.79102,104
06,largestonly,4,50,0.81675,113
06,largestonly,5,50,0.79126,92
06,largestonly,6,50,0.78319,96
06,largestonly,7,50,0.74304,88
06,largestonly,8,50,0.82134,114
06,largestonly,9,50,0.77719,98
06,largestonly,0,100,0.89002,223
06,largestonly,1,100,0.85373,203
06,largestonly,2,100,0.85515,194
06,largestonly,3,100,0.87367,161
06,largestonly,4,100,0.87978,196
06,largestonly,5,100,0.86955,182
06,largestonly,6,100,0.87193,175
06,largestonly,7,100,0.87700,185
06,largestonly,8,100,0.85156,195
06,largestonly,9,100,0.88003,170
06,largestonly,0,200,0.79033,102
06,largestonly,1,200,0.82215,111
06,largestonly,2,200,0.82325,133
06,largestonly,3,200,0.80153,123
06,largestonly,4,200,0.78137,115
06,largestonly,5,200,0.79168,119
06,largestonly,6,200,0.82115,113
06,largestonly,7,200,0.85357,110
06,largestonly,8,200,0.81795,105
06,largestonly,9,200,0.83201,127
06,largestonly,0,300,0.72724,86
06,largestonly,1,300,0.78976,87
06,largestonly,2,300,0.76980,90
06,largestonly,3,300,0.77064,88
06,largestonly,4,300,0.81118,94
06,largestonly,5,300,0.77239,98
06,largestonly,6,300,0.77123,88
06,largestonly,7,300,0.74665,102
06,largestonly,8,300,0.74053,91
06,largestonly,9,300,0.80988,105
06,largestonly,0,400,0.71260,103
06,largestonly,1,400,0.68618,109
06,largestonly,2,400,0.70762,104
06,largestonly,3,400,0.70102,98
06,largestonly,4,400,0.68799,82
06,largestonly,5,400,0.72422,90
06,largestonly,6,400,0.67017,102
06,largestonly,7,400,0.67510,85
06,largestonly,8,400,0.70921,93
06,largestonly,9,400,0.69570,102
06,largestonly,0,500,0.61733,100
06,largestonly,1,500,0.60256,95
06,largestonly,2,500,0.55042,103
06,largestonly,3,500,0.63436,102
06,largestonly,4,500,0.62981,91
06,largestonly,5,500,0.59212,110
06,largestonly,6,500,0.61860,89
06,largestonly,7,500,0.53829,101
06,largestonly,8,500,0.60417,101
06,largestonly,9,500,0.59210,107
06,largestonly,0,750,0.30953,130
06,largestonly,1,750,0.32132,109
06,largestonly,2,750,0.29380,139
06,largestonly,3,750,0.34588,124
06,largestonly,4,750,0.33269,124
06,largestonly,5,750,0.33449,129
06,largestonly,6,750,0.35420,108
06,largestonly,7,750,0.31754,120
06,largestonly,8,750,0.36900,128
06,largestonly,9,750,0.19939,138
06,largestonly,0,1000,0.18844,126
06,largestonly,1,1000,0.10714,123
06,largestonly,2,1000,0.17035,123
06,largestonly,3,1000,0.14342,114
06,largestonly,4,1000,0.14983,115
06,largestonly,5,1000,0.11122,112
06,largestonly,6,1000,0.22445,109
06,largestonly,7,1000,0.15553,118
06,largestonly,8,1000,0.23003,115
06,largestonly,9,1000,0.18186,123
06,removelargest,0,50,0.70741,549
06,removelargest,1,50,0.70538,564
06,removelargest,2,50,0.70974,545
06,removelargest,3,50,0.69659,554
06,removelargest,4,50,0.68609,567
06,removelargest,5,50,0.68876,562
06,removelargest,6,50,0.68262,553
06,removelargest,7,50,0.68292,550
06,removelargest,8,50,0.69353,548
06,removelargest,9,50,0.70085,544
06,removelargest,0,100,0.95274,753
06,removelargest,1,100,0.95692,751
06,removelargest,2,100,0.94871,750
06,removelargest,3,100,0.94835,752
06,removelargest,4,100,0.95232,753
06,removelargest,5,100,0.95043,752
06,removelargest,6,100,0.95639,746
06,removelargest,7,100,0.93679,759
06,removelargest,8,100,0.94313,751
06,removelargest,9,100,0.95119,751
06,removelargest,0,200,0.88558,1407
06,removelargest,1,200,0.88242,1376
06,removelargest,2,200,0.88744,1390
06,removelargest,3,200,0.89191,1404
06,removelargest,4,200,0.89633,1409
06,removelargest,5,200,0.89831,1406
06,removelargest,6,200,0.88624,1393
06,removelargest,7,200,0.88780,1406
06,removelargest,8,200,0.89469,1405
06,removelargest,9,200,0.88809,1413
06,removelargest,0,300,0.81095,1195
06,removelargest,1,300,0.82201,1197
06,removelargest,2,300,0.81621,1187
06,removelargest,3,300,0.81841,1229
06,removelargest,4,300,0.80912,1215
06,removelargest,5,300,0.81072,1228
06,removelargest,6,300,0.81859,1202
06,removelargest,7,300,0.81416,1235
06,removelargest,8,300,0.80577,1199
06,removelargest,9,300,0.82507,1181
06,removelargest,0,400,0.73980,977
06,removelargest,1,400,0.74653,958
06,removelargest,2,400,0.76450,993
06,removelargest,3,400,0.74013,973
06,removelargest,4,400,0.74976,994
06,removelargest,5,400,0.75991,990
06,removelargest,6,400,0.76469,974
06,removelargest,7,400,0.75691,1000
06,removelargest,8,400,0.74061,1000
06,removelargest,9,400,0.75019,1001
06,removelargest,0,500,0.66116,888
06,removelargest,1,500,0.66236,875
06,removelargest,2,500,0.64820,868
06,removelargest,3,500,0.69512,892
06,removelargest,4,500,0.66308,902
06,removelargest,5,500,0.67147,877
06,removelargest,6,500,0.67673,864
06,removelargest,7,500,0.68216,886
06,removelargest,8,500,0.69995,921
06,removelargest,9,500,0.65207,875
06,removelargest,0,750,0.36768,727
06,removelargest,1,750,0.42178,707
06,removelargest,2,750,0.39801,719
06,removelargest,3,750,0.38797,715
06,removelargest,4,750,0.42380,738
06,removelargest,5,750,0.40123,709
06,removelargest,6,750,0.40819,739
06,removelargest,7,750,0.37302,755
06,removelargest,8,750,0.39033,717
06,removelargest,9,750,0.40619,735
06,removelargest,0,1000,0.14445,700
06,removelargest,1,1000,0.11077,657
06,removelargest,2,1000,0.12385,711
06,removelargest,3,1000,0.18566,683
06,removelargest,4,1000,0.14411,713
06,removelargest,5,1000,0.15143,721
06,removelargest,6,1000,0.11446,705
06,removelargest,7,1000,0.18437,724
06,removelargest,8,1000,0.15124,711
06,removelargest,9,1000,0.12475,716
