celln,experiment,trial,fmod,VS,nspikes
05,all,0,50,0.68004,608
05,all,1,50,0.70200,612
05,all,2,50,0.67708,612
05,all,3,50,0.67663,609
05,all,4,50,0.69200,608
05,all,5,50,0.66650,622
05,all,6,50,0.68511,597
05,all,7,50,0.68926,611
05,all,8,50,0.68669,618
05,all,9,50,0.68455,601
05,all,0,100,0.95145,761
05,all,1,100,0.95242,761
05,all,2,100,0.95763,757
05,all,3,100,0.95110,764
05,all,4,100,0.96875,752
05,all,5,100,0.95657,760
05,all,6,100,0.95065,763
05,all,7,100,0.95564,759
05,all,8,100,0.96447,755
05,all,9,100,0.95560,760
05,all,0,200,0.92320,1469
05,all,1,200,0.91763,1474
05,all,2,200,0.91034,1462
05,all,3,200,0.92520,1478
05,all,4,200,0.92319,1462
05,all,5,200,0.92600,1467
05,all,6,200,0.92141,1465
05,all,7,200,0.92787,1469
05,all,8,200,0.92381,1464
05,all,9,200,0.92238,1472
05,all,0,300,0.82284,1398
05,all,1,300,0.82734,1388
05,all,2,300,0.81792,1384
05,all,3,300,0.83356,1422
05,all,4,300,0.80864,1400
05,all,5,300,0.81867,1385
05,all,6,300,0.83327,1414
05,all,7,300,0.83073,1394
05,all,8,300,0.83851,1397
05,all,9,300,0.82355,1378
05,all,0,400,0.76678,1103
05,all,1,400,0.77866,1112
05,all,2,400,0.76385,1106
05,all,3,400,0.75815,1111
05,all,4,400,0.77548,1103
05,all,5,400,0.77318,1108
05,all,6,400,0.76704,1092
05,all,7,400,0.76866,1127
05,all,8,400,0.78518,1091
05,all,9,400,0.76599,1072
05,all,0,500,0.66365,1012
05,all,1,500,0.69667,992
05,all,2,500,0.70923,974
05,all,3,500,0.70552,1015
05,all,4,500,0.68072,995
05,all,5,500,0.65179,1008
05,all,6,500,0.68304,1012
05,all,7,500,0.67605,1018
05,all,8,500,0.68825,973
05,all,9,500,0.69211,1020
05,all,0,750,0.39936,827
05,all,1,750,0.39942,813
05,all,2,750,0.40203,810
05,all,3,750,0.38223,824
05,all,4,750,0.36789,845
05,all,5,750,0.40853,817
05,all,6,750,0.44217,824
05,all,7,750,0.40867,820
05,all,8,750,0.39342,796
05,all,9,750,0.37205,845
05,all,0,1000,0.10139,801
05,all,1,1000,0.15486,763
05,all,2,1000,0.13629,774
05,all,3,1000,0.15191,810
05,all,4,1000,0.11951,775
05,all,5,1000,0.13733,783
05,all,6,1000,0.13854,806
05,all,7,1000,0.18286,774
05,all,8,1000,0.13466,786
05,all,9,1000,0.10245,788
05,largestonly,0,50,0.94376,18
05,largestonly,1,50,0.77811,17
05,largestonly,2,50,0.91126,20
05,largestonly,3,50,0.80948,21
05,largestonly,4,50,0.82256,21
05,largestonly,5,50,0.87532,24
05,largestonly,6,50,0.91789,23
05,largestonly,7,50,0.84721,28
05,largestonly,8,50,0.93162,25
05,largestonly,9,50,0.77711,27
05,largestonly,0,100,0.90577,38
05,largestonly,1,100,0.90432,36
05,largestonly,2,100,0.89263,41
05,largestonly,3,100,0.95179,33
05,largestonly,4,100,0.94312,37
05,largestonly,5,100,0.92462,40
05,largestonly,6,100,0.93228,28
05,largestonly,7,100,0.91870,44
05,largestonly,8,100,0.87106,32
05,largestonly,9,100,0.89961,42
05,largestonly,0,200,0.84423,11
05,largestonly,1,200,0.92203,22
05,largestonly,2,200,0.87311,24
05,largestonly,3,200,0.86440,20
05,largestonly,4,200,0.92199,22
05,largestonly,5,200,0.89971,18
05,largestonly,6,200,0.84588,29
05,largestonly,7,200,0.90531,18
05,largestonly,8,200,0.89106,18
05,largestonly,9,200,0.90293,23
05,largestonly,0,300,0.95514,5
05,largestonly,1,300,0.86389,6
05,largestonly,2,300,0.88976,14
05,largestonly,3,300,0.87084,11
05,largestonly,4,300,0.87175,12
05,largestonly,5,300,0.87035,8
05,largestonly,6,300,0.75739,6
05,largestonly,7,300,0.96541,4
05,largestonly,8,300,0.86162,7
05,largestonly,9,300,0.78137,12
05,largestonly,0,400,0.42578,2
05,largestonly,1,400,0.79297,8
05,largestonly,2,400,0.55333,8
05,largestonly,3,400,0.53908,3
05,largestonly,4,400,0.70563,8
05,largestonly,5,400,0.62273,5
05,largestonly,6,400,0.99556,2
05,largestonly,7,400,0.12533,2
05,largestonly,8,400,0.57847,3
05,largestonly,9,400,0.93486,3
05,largestonly,0,500,0.50351,7
05,largestonly,1,500,1.00000,1
05,largestonly,2,500,0.71111,6
05,largestonly,3,500,0.37072,6
05,largestonly,4,500,0.46371,5
05,largestonly,5,500,0.71323,5
05,largestonly,6,500,0.45179,6
05,largestonly,7,500,0.48906,7
05,largestonly,8,500,0.38368,7
05,largestonly,9,500,0.80449,7
05,largestonly,0,750,0.43357,16
05,largestonly,1,750,0.14310,18
05,largestonly,2,750,0.45708,16
05,largestonly,3,750,0.38801,15
05,largestonly,4,750,0.34485,18
05,largestonly,5,750,0.55332,17
05,largestonly,6,750,0.07261,15
05,largestonly,7,750,0.43784,14
05,largestonly,8,750,0.38873,8
05,largestonly,9,750,0.15222,20
05,largestonly,0,1000,0.22213,15
05,largestonly,1,1000,0.10672,11
05,largestonly,2,1000,0.19178,15
05,largestonly,3,1000,0.13954,22
05,largestonly,4,1000,0.32197,15
05,largestonly,5,1000,0.40812,12
05,largestonly,6,1000,0.10015,18
05,largestonly,7,1000,0.30824,10
05,largestonly,8,1000,0.13373,7
05,largestonly,9,1000,0.30265,16
05,removelargest,0,50,0.71124,518
05,removelargest,1,50,0.74914,519
05,removelargest,2,50,0.71705,532
05,removelargest,3,50,0.72052,531
05,removelargest,4,50,0.72814,513
05,removelargest,5,50,0.73043,506
05,removelargest,6,50,0.72725,513
05,removelargest,7,50,0.71857,523
05,removelargest,8,50,0.72413,523
05,removelargest,9,50,0.71607,523
05,removelargest,0,100,0.95915,747
05,removelargest,1,100,0.95627,750
05,removelargest,2,100,0.96222,748
05,removelargest,3,100,0.96025,750
05,removelargest,4,100,0.96263,742
05,removelargest,5,100,0.96448,745
05,removelargest,6,100,0.96301,747
05,removelargest,7,100,0.96240,747
05,removelargest,8,100,0.96195,750
05,removelargest,9,100,0.96267,748
05,removelargest,0,200,0.89369,1346
05,removelargest,1,200,0.89009,1344
05,removelargest,2,200,0.89047,1348
05,removelargest,3,200,0.89505,1378
05,removelargest,4,200,0.90296,1359
05,removelargest,5,200,0.90124,1353
05,removelargest,6,200,0.89920,1359
05,removelargest,7,200,0.90178,1355
05,removelargest,8,200,0.90082,1354
05,removelargest,9,200,0.90235,1366
05,removelargest,0,300,0.82372,1037
05,removelargest,1,300,0.83565,1030
05,removelargest,2,300,0.80745,1026
05,removelargest,3,300,0.82293,1052
05,removelargest,4,300,0.81835,1025
05,removelargest,5,300,0.81209,1042
05,removelargest,6,300,0.82313,1042
05,removelargest,7,300,0.81582,1042
05,removelargest,8,300,0.82560,1068
05,removelargest,9,300,0.82035,1023
05,removelargest,0,400,0.75943,857
05,removelargest,1,400,0.76142,841
05,removelargest,2,400,0.76309,852
05,removelargest,3,400,0.78608,868
05,removelargest,4,400,0.76829,843
05,removelargest,5,400,0.77587,879
05,removelargest,6,400,0.76660,838
05,removelargest,7,400,0.78401,862
05,removelargest,8,400,0.77737,854
05,removelargest,9,400,0.77533,847
05,removelargest,0,500,0.66744,728
05,removelargest,1,500,0.69113,689
05,removelargest,2,500,0.71504,702
05,removelargest,3,500,0.68470,749
05,removelargest,4,500,0.69918,726
05,removelargest,5,500,0.66042,705
05,removelargest,6,500,0.68669,731
05,removelargest,7,500,0.66704,753
05,removelargest,8,500,0.66496,709
05,removelargest,9,500,0.68895,747
05,removelargest,0,750,0.41844,569
05,removelargest,1,750,0.35980,570
05,removelargest,2,750,0.40162,539
05,removelargest,3,750,0.38064,541
05,removelargest,4,750,0.37012,560
05,removelargest,5,750,0.40489,560
05,removelargest,6,750,0.45415,542
05,removelargest,7,750,0.43631,584
05,removelargest,8,750,0.41297,550
05,removelargest,9,750,0.39583,548
05,removelargest,0,1000,0.16496,525
05,removelargest,1,1000,0.11583,491
05,removelargest,2,1000,0.13680,537
05,removelargest,3,1000,0.12245,557
05,removelargest,4,1000,0.14825,512
05,removelargest,5,1000,0.13694,534
05,removelargest,6,1000,0.13534,543
05,removelargest,7,1000,0.15618,509
05,removelargest,8,1000,0.15413,534
05,removelargest,9,1000,0.15095,548
