celln,experiment,trial,fmod,VS,nspikes
02,all,0,50,0.68182,602
02,all,1,50,0.68216,617
02,all,2,50,0.70003,587
02,all,3,50,0.68571,604
02,all,4,50,0.68400,595
02,all,5,50,0.67932,597
02,all,6,50,0.67430,604
02,all,7,50,0.68508,569
02,all,8,50,0.67233,596
02,all,9,50,0.69029,608
02,all,0,100,0.94093,758
02,all,1,100,0.94714,760
02,all,2,100,0.94944,752
02,all,3,100,0.95108,749
02,all,4,100,0.95126,752
02,all,5,100,0.95148,753
02,all,6,100,0.95545,754
02,all,7,100,0.93758,761
02,all,8,100,0.95461,755
02,all,9,100,0.95342,751
02,all,0,200,0.89689,1416
02,all,1,200,0.89804,1403
02,all,2,200,0.88737,1408
02,all,3,200,0.89646,1404
02,all,4,200,0.90019,1427
02,all,5,200,0.90350,1411
02,all,6,200,0.90160,1409
02,all,7,200,0.89938,1407
02,all,8,200,0.89736,1415
02,all,9,200,0.89810,1413
02,all,0,300,0.82955,1254
02,all,1,300,0.81654,1234
02,all,2,300,0.80316,1211
02,all,3,300,0.81289,1248
02,all,4,300,0.81220,1224
02,all,5,300,0.82266,1247
02,all,6,300,0.80682,1227
02,all,7,300,0.81878,1254
02,all,8,300,0.81785,1232
02,all,9,300,0.81998,1213
02,all,0,400,0.76661,1024
02,all,1,400,0.75115,1012
02,all,2,400,0.73963,1010
02,all,3,400,0.76926,1028
02,all,4,400,0.75737,1032
02,all,5,400,0.75918,1018
02,all,6,400,0.75626,1002
02,all,7,400,0.75042,1021
02,all,8,400,0.73732,1032
02,all,9,400,0.76566,1028
02,all,0,500,0.67088,919
02,all,1,500,0.65750,906
02,all,2,500,0.66971,902
02,all,3,500,0.65444,926
02,all,4,500,0.68016,923
02,all,5,500,0.67918,925
02,all,6,500,0.64868,953
02,all,7,500,0.67117,931
02,all,8,500,0.68927,914
02,all,9,500,0.65848,914
02,all,0,750,0.39842,790
02,all,1,750,0.36813,766
02,all,2,750,0.41078,764
02,all,3,750,0.34275,747
02,all,4,750,0.41228,775
02,all,5,750,0.42472,778
02,all,6,750,0.38543,764
02,all,7,750,0.38442,770
02,all,8,750,0.38117,778
02,all,9,750,0.40740,775
02,all,0,1000,0.14004,758
02,all,1,1000,0.09160,731
02,all,2,1000,0.16234,715
02,all,3,1000,0.12802,738
02,all,4,1000,0.13634,749
02,all,5,1000,0.14577,743
02,all,6,1000,0.12422,736
02,all,7,1000,0.12786,751
02,all,8,1000,0.17220,757
02,all,9,1000,0.14483,745
02,largestonly,0,50,0.82730,94
02,largestonly,1,50,0.74568,112
02,largestonly,2,50,0.72495,113
02,largestonly,3,50,0.75976,105
02,largestonly,4,50,0.76485,111
02,largestonly,5,50,0.76297,91
02,largestonly,6,50,0.76389,113
02,largestonly,7,50,0.79405,99
02,largestonly,8,50,0.83342,118
02,largestonly,9,50,0.79823,118
02,largestonly,0,100,0.88358,196
02,largestonly,1,100,0.85401,180
02,largestonly,2,100,0.85440,190
02,largestonly,3,100,0.88557,178
02,largestonly,4,100,0.85307,209
02,largestonly,5,100,0.86801,175
02,largestonly,6,100,0.85612,180
02,largestonly,7,100,0.88787,191
02,largestonly,8,100,0.86859,196
02,largestonly,9,100,0.86046,195
02,largestonly,0,200,0.76223,107
02,largestonly,1,200,0.83133,118
02,largestonly,2,200,0.82949,126
02,largestonly,3,200,0.78553,93
02,largestonly,4,200,0.81283,123
02,largestonly,5,200,0.78759,109
02,largestonly,6,200,0.80338,102
02,largestonly,7,200,0.76170,113
02,largestonly,8,200,0.80756,111
02,largestonly,9,200,0.77557,112
02,largestonly,0,300,0.75162,78
02,largestonly,1,300,0.75895,84
02,largestonly,2,300,0.80861,105
02,largestonly,3,300,0.76976,95
02,largestonly,4,300,0.80481,97
02,largestonly,5,300,0.78233,74
02,largestonly,6,300,0.76790,97
02,largestonly,7,300,0.72881,80
02,largestonly,8,300,0.74645,90
02,largestonly,9,300,0.75994,100
02,largestonly,0,400,0.63257,83
02,largestonly,1,400,0.64635,88
02,largestonly,2,400,0.74883,104
02,largestonly,3,400,0.63996,100
02,largestonly,4,400,0.71870,110
02,largestonly,5,400,0.76724,76
02,largestonly,6,400,0.74313,81
02,largestonly,7,400,0.71062,104
02,largestonly,8,400,0.70823,73
02,largestonly,9,400,0.69573,81
02,largestonly,0,500,0.57459,96
02,largestonly,1,500,0.63589,80
02,largestonly,2,500,0.45807,91
02,largestonly,3,500,0.70178,111
02,largestonly,4,500,0.57493,99
02,largestonly,5,500,0.54854,90
02,largestonly,6,500,0.55370,93
02,largestonly,7,500,0.58405,89
02,largestonly,8,500,0.56078,91
02,largestonly,9,500,0.61655,92
02,largestonly,0,750,0.34128,111
02,largestonly,1,750,0.34580,105
02,largestonly,2,750,0.28046,119
02,largestonly,3,750,0.33006,115
02,largestonly,4,750,0.36315,120
02,largestonly,5,750,0.36052,125
02,largestonly,6,750,0.34763,110
02,largestonly,7,750,0.33911,108
02,largestonly,8,750,0.23763,112
02,largestonly,9,750,0.31850,114
02,largestonly,0,1000,0.23548,105
02,largestonly,1,1000,0.18441,96
02,largestonly,2,1000,0.15913,111
02,largestonly,3,1000,0.11205,108
02,largestonly,4,1000,0.08005,115
02,largestonly,5,1000,0.13728,114
02,largestonly,6,1000,0.22647,105
02,largestonly,7,1000,0.16174,107
02,largestonly,8,1000,0.12491,90
02,largestonly,9,1000,0.13900,114
02,removelargest,0,50,0.75598,455
02,removelargest,1,50,0.75317,470
02,removelargest,2,50,0.76131,452
02,removelargest,3,50,0.76346,459
02,removelargest,4,50,0.75922,446
02,removelargest,5,50,0.76750,453
02,removelargest,6,50,0.73660,452
02,removelargest,7,50,0.76406,440
02,removelargest,8,50,0.73834,451
02,removelargest,9,50,0.75756,448
02,removelargest,0,100,0.94206,727
02,removelargest,1,100,0.94727,729
02,removelargest,2,100,0.94487,722
02,removelargest,3,100,0.94759,715
02,removelargest,4,100,0.94505,720
02,removelargest,5,100,0.94886,725
02,removelargest,6,100,0.94671,727
02,removelargest,7,100,0.93852,729
02,removelargest,8,100,0.94752,720
02,removelargest,9,100,0.94650,728
02,removelargest,0,200,0.87852,1111
02,removelargest,1,200,0.86976,1089
02,removelargest,2,200,0.86784,1116
02,removelargest,3,200,0.87600,1123
02,removelargest,4,200,0.87751,1116
02,removelargest,5,200,0.88345,1120
02,removelargest,6,200,0.87369,1104
02,removelargest,7,200,0.87948,1135
02,removelargest,8,200,0.87706,1113
02,removelargest,9,200,0.87780,1102
02,removelargest,0,300,0.82527,765
02,removelargest,1,300,0.81676,761
02,removelargest,2,300,0.82765,778
02,removelargest,3,300,0.81528,811
02,removelargest,4,300,0.81584,812
02,removelargest,5,300,0.82845,794
02,removelargest,6,300,0.81442,772
02,removelargest,7,300,0.83929,808
02,removelargest,8,300,0.82629,796
02,removelargest,9,300,0.82848,772
02,removelargest,0,400,0.75638,647
02,removelargest,1,400,0.76589,629
02,removelargest,2,400,0.76619,681
02,removelargest,3,400,0.77135,673
02,removelargest,4,400,0.77160,654
02,removelargest,5,400,0.75554,675
02,removelargest,6,400,0.75745,669
02,removelargest,7,400,0.75711,674
02,removelargest,8,400,0.75093,664
02,removelargest,9,400,0.77444,647
02,removelargest,0,500,0.68621,544
02,removelargest,1,500,0.67334,543
02,removelargest,2,500,0.66099,550
02,removelargest,3,500,0.68756,548
02,removelargest,4,500,0.68474,552
02,removelargest,5,500,0.69172,567
02,removelargest,6,500,0.69568,513
02,removelargest,7,500,0.67944,545
02,removelargest,8,500,0.68461,542
02,removelargest,9,500,0.66613,547
02,removelargest,0,750,0.37915,413
02,removelargest,1,750,0.39847,421
02,removelargest,2,750,0.41060,386
02,removelargest,3,750,0.40798,395
02,removelargest,4,750,0.38323,399
02,removelargest,5,750,0.49022,399
02,removelargest,6,750,0.38300,365
02,removelargest,7,750,0.44016,399
02,removelargest,8,750,0.37698,391
02,removelargest,9,750,0.40298,393
02,removelargest,0,1000,0.10580,371
02,removelargest,1,1000,0.17002,351
02,removelargest,2,1000,0.16466,372
02,removelargest,3,1000,0.15241,355
02,removelargest,4,1000,0.15683,404
02,removelargest,5,1000,0.15615,378
02,removelargest,6,1000,0.11146,357
02,removelargest,7,1000,0.14410,390
02,removelargest,8,1000,0.12907,405
02,removelargest,9,1000,0.22907,383
