celln,experiment,trial,fmod,VS,nspikes
18,all,0,50,0.62838,726
18,all,1,50,0.61103,731
18,all,2,50,0.63372,712
18,all,3,50,0.61612,707
18,all,4,50,0.60899,712
18,all,5,50,0.59721,722
18,all,6,50,0.61492,728
18,all,7,50,0.62256,716
18,all,8,50,0.62943,691
18,all,9,50,0.61976,699
18,all,0,100,0.89111,800
18,all,1,100,0.88905,800
18,all,2,100,0.88947,800
18,all,3,100,0.88626,804
18,all,4,100,0.89322,805
18,all,5,100,0.88847,797
18,all,6,100,0.87816,810
18,all,7,100,0.88502,802
18,all,8,100,0.89679,795
18,all,9,100,0.87480,814
18,all,0,200,0.91413,1487
18,all,1,200,0.91700,1484
18,all,2,200,0.91735,1481
18,all,3,200,0.91527,1488
18,all,4,200,0.92378,1473
18,all,5,200,0.91986,1483
18,all,6,200,0.91534,1477
18,all,7,200,0.92130,1472
18,all,8,200,0.91613,1479
18,all,9,200,0.91871,1477
18,all,0,300,0.83313,1699
18,all,1,300,0.82969,1691
18,all,2,300,0.82580,1688
18,all,3,300,0.82903,1698
18,all,4,300,0.82849,1680
18,all,5,300,0.83790,1705
18,all,6,300,0.83095,1698
18,all,7,300,0.83448,1685
18,all,8,300,0.83707,1701
18,all,9,300,0.82870,1702
18,all,0,400,0.75798,1316
18,all,1,400,0.75968,1304
18,all,2,400,0.77123,1326
18,all,3,400,0.77572,1327
18,all,4,400,0.75486,1333
18,all,5,400,0.76368,1342
18,all,6,400,0.75699,1318
18,all,7,400,0.77550,1320
18,all,8,400,0.76066,1335
18,all,9,400,0.77594,1315
18,all,0,500,0.65613,1211
18,all,1,500,0.68048,1225
18,all,2,500,0.68039,1194
18,all,3,500,0.65688,1195
18,all,4,500,0.67800,1198
18,all,5,500,0.68905,1218
18,all,6,500,0.67583,1221
18,all,7,500,0.66007,1225
18,all,8,500,0.68233,1211
18,all,9,500,0.65298,1204
18,all,0,750,0.38256,1118
18,all,1,750,0.42381,1136
18,all,2,750,0.40826,1104
18,all,3,750,0.43620,1132
18,all,4,750,0.39164,1150
18,all,5,750,0.40848,1172
18,all,6,750,0.40115,1122
18,all,7,750,0.40283,1106
18,all,8,750,0.41758,1129
18,all,9,750,0.40054,1148
18,all,0,1000,0.17193,1094
18,all,1,1000,0.13782,1072
18,all,2,1000,0.16731,1067
18,all,3,1000,0.15294,1092
18,all,4,1000,0.12554,1134
18,all,5,1000,0.15526,1113
18,all,6,1000,0.16418,1094
18,all,7,1000,0.14675,1126
18,all,8,1000,0.14259,1118
18,all,9,1000,0.13890,1119
18,largestonly,0,50,0.65332,611
18,largestonly,1,50,0.65171,605
18,largestonly,2,50,0.65696,602
18,largestonly,3,50,0.64722,598
18,largestonly,4,50,0.64359,614
18,largestonly,5,50,0.61852,624
18,largestonly,6,50,0.64221,618
18,largestonly,7,50,0.63867,613
18,largestonly,8,50,0.66097,597
18,largestonly,9,50,0.64642,602
18,largestonly,0,100,0.85819,718
18,largestonly,1,100,0.84505,720
18,largestonly,2,100,0.84776,718
18,largestonly,3,100,0.83545,724
18,largestonly,4,100,0.85584,716
18,largestonly,5,100,0.86325,719
18,largestonly,6,100,0.84385,715
18,largestonly,7,100,0.84350,724
18,largestonly,8,100,0.85968,715
18,largestonly,9,100,0.85165,710
18,largestonly,0,200,0.83390,1038
18,largestonly,1,200,0.82088,1017
18,largestonly,2,200,0.83346,1022
18,largestonly,3,200,0.82770,1048
18,largestonly,4,200,0.84280,1037
18,largestonly,5,200,0.83880,1058
18,largestonly,6,200,0.82190,1030
18,largestonly,7,200,0.83118,1025
18,largestonly,8,200,0.82336,1029
18,largestonly,9,200,0.83864,1052
18,largestonly,0,300,0.76007,885
18,largestonly,1,300,0.74524,880
18,largestonly,2,300,0.74322,875
18,largestonly,3,300,0.74116,880
18,largestonly,4,300,0.74476,904
18,largestonly,5,300,0.74109,897
18,largestonly,6,300,0.75175,877
18,largestonly,7,300,0.73762,891
18,largestonly,8,300,0.76589,897
18,largestonly,9,300,0.76128,882
18,largestonly,0,400,0.71898,884
18,largestonly,1,400,0.74437,865
18,largestonly,2,400,0.72957,874
18,largestonly,3,400,0.73442,874
18,largestonly,4,400,0.72899,888
18,largestonly,5,400,0.74113,885
18,largestonly,6,400,0.73623,872
18,largestonly,7,400,0.72883,885
18,largestonly,8,400,0.73087,893
18,largestonly,9,400,0.74117,872
18,largestonly,0,500,0.65964,883
18,largestonly,1,500,0.66248,861
18,largestonly,2,500,0.65753,846
18,largestonly,3,500,0.65964,861
18,largestonly,4,500,0.66330,890
18,largestonly,5,500,0.67280,883
18,largestonly,6,500,0.66915,850
18,largestonly,7,500,0.66372,862
18,largestonly,8,500,0.66526,878
18,largestonly,9,500,0.66285,869
18,largestonly,0,750,0.46760,844
18,largestonly,1,750,0.45773,807
18,largestonly,2,750,0.50410,800
18,largestonly,3,750,0.43872,809
18,largestonly,4,750,0.45881,833
18,largestonly,5,750,0.49507,832
18,largestonly,6,750,0.47806,804
18,largestonly,7,750,0.45691,821
18,largestonly,8,750,0.47251,824
18,largestonly,9,750,0.44392,812
18,largestonly,0,1000,0.22318,828
18,largestonly,1,1000,0.26247,793
18,largestonly,2,1000,0.24604,794
18,largestonly,3,1000,0.27121,801
18,largestonly,4,1000,0.23481,820
18,largestonly,5,1000,0.25198,819
18,largestonly,6,1000,0.26688,794
18,largestonly,7,1000,0.27187,817
18,largestonly,8,1000,0.23238,812
18,largestonly,9,1000,0.24812,806
18,removelargest,0,50,0.72149,496
18,removelargest,1,50,0.68724,547
18,removelargest,2,50,0.73212,532
18,removelargest,3,50,0.70883,529
18,removelargest,4,50,0.71200,516
18,removelargest,5,50,0.69791,527
18,removelargest,6,50,0.71339,523
18,removelargest,7,50,0.73699,510
18,removelargest,8,50,0.71794,513
18,removelargest,9,50,0.69936,540
18,removelargest,0,100,0.94827,745
18,removelargest,1,100,0.95323,747
18,removelargest,2,100,0.95236,747
18,removelargest,3,100,0.95557,747
18,removelargest,4,100,0.95657,744
18,removelargest,5,100,0.95069,746
18,removelargest,6,100,0.94195,758
18,removelargest,7,100,0.95922,743
18,removelargest,8,100,0.94885,749
18,removelargest,9,100,0.94669,754
18,removelargest,0,200,0.89226,1369
18,removelargest,1,200,0.89649,1384
18,removelargest,2,200,0.89596,1368
18,removelargest,3,200,0.89960,1380
18,removelargest,4,200,0.89847,1369
18,removelargest,5,200,0.89723,1385
18,removelargest,6,200,0.90411,1380
18,removelargest,7,200,0.89336,1363
18,removelargest,8,200,0.89611,1369
18,removelargest,9,200,0.88725,1387
18,removelargest,0,300,0.84563,1117
18,removelargest,1,300,0.82445,1125
18,removelargest,2,300,0.82792,1138
18,removelargest,3,300,0.82101,1143
18,removelargest,4,300,0.81988,1122
18,removelargest,5,300,0.83538,1147
18,removelargest,6,300,0.82774,1125
18,removelargest,7,300,0.83516,1120
18,removelargest,8,300,0.82742,1135
18,removelargest,9,300,0.83061,1121
18,removelargest,0,400,0.77584,894
18,removelargest,1,400,0.78330,910
18,removelargest,2,400,0.76890,902
18,removelargest,3,400,0.77574,925
18,removelargest,4,400,0.77775,907
18,removelargest,5,400,0.74566,910
18,removelargest,6,400,0.77991,900
18,removelargest,7,400,0.78854,897
18,removelargest,8,400,0.77398,914
18,removelargest,9,400,0.77883,905
18,removelargest,0,500,0.69654,757
18,removelargest,1,500,0.67633,796
18,removelargest,2,500,0.69857,781
18,removelargest,3,500,0.69788,778
18,removelargest,4,500,0.69824,761
18,removelargest,5,500,0.70661,809
18,removelargest,6,500,0.69858,835
18,removelargest,7,500,0.68257,798
18,removelargest,8,500,0.69521,757
18,removelargest,9,500,0.69720,791
18,removelargest,0,750,0.39114,631
18,removelargest,1,750,0.44911,645
18,removelargest,2,750,0.38832,622
18,removelargest,3,750,0.42370,634
18,removelargest,4,750,0.37470,638
18,removelargest,5,750,0.43879,620
18,removelargest,6,750,0.43192,625
18,removelargest,7,750,0.41568,612
18,removelargest,8,750,0.40709,624
18,removelargest,9,750,0.44316,638
18,removelargest,0,1000,0.17204,580
18,removelargest,1,1000,0.19222,599
18,removelargest,2,1000,0.13770,619
18,removelargest,3,1000,0.10500,609
18,removelargest,4,1000,0.12823,616
18,removelargest,5,1000,0.18557,604
18,removelargest,6,1000,0.22457,606
18,removelargest,7,1000,0.14218,611
18,removelargest,8,1000,0.16193,613
18,removelargest,9,1000,0.11437,618
