celln,experiment,trial,fmod,VS,nspikes
11,all,0,50,0.60838,922
11,all,1,50,0.61013,905
11,all,2,50,0.61342,907
11,all,3,50,0.60565,889
11,all,4,50,0.60661,912
11,all,5,50,0.60662,933
11,all,6,50,0.59152,928
11,all,7,50,0.60844,901
11,all,8,50,0.59670,934
11,all,9,50,0.61193,915
11,all,0,100,0.75829,903
11,all,1,100,0.76290,901
11,all,2,100,0.77492,887
11,all,3,100,0.73239,921
11,all,4,100,0.75888,903
11,all,5,100,0.76704,895
11,all,6,100,0.73697,925
11,all,7,100,0.75123,912
11,all,8,100,0.75794,901
11,all,9,100,0.77176,886
11,all,0,200,0.92920,1489
11,all,1,200,0.93532,1493
11,all,2,200,0.92241,1493
11,all,3,200,0.93662,1502
11,all,4,200,0.92808,1496
11,all,5,200,0.92788,1498
11,all,6,200,0.93400,1492
11,all,7,200,0.93162,1495
11,all,8,200,0.93518,1497
11,all,9,200,0.92978,1494
11,all,0,300,0.83278,1920
11,all,1,300,0.82256,1903
11,all,2,300,0.81659,1900
11,all,3,300,0.82832,1925
11,all,4,300,0.81947,1908
11,all,5,300,0.82105,1893
11,all,6,300,0.83172,1911
11,all,7,300,0.82804,1901
11,all,8,300,0.82298,1926
11,all,9,300,0.82213,1881
11,all,0,400,0.71399,1619
11,all,1,400,0.72885,1645
11,all,2,400,0.72521,1620
11,all,3,400,0.71544,1640
11,all,4,400,0.72880,1639
11,all,5,400,0.70084,1620
11,all,6,400,0.72007,1642
11,all,7,400,0.71630,1647
11,all,8,400,0.71468,1618
11,all,9,400,0.70368,1611
11,all,0,500,0.62605,1493
11,all,1,500,0.62483,1485
11,all,2,500,0.63585,1449
11,all,3,500,0.64801,1465
11,all,4,500,0.63520,1473
11,all,5,500,0.62195,1470
11,all,6,500,0.63574,1481
11,all,7,500,0.61897,1499
11,all,8,500,0.62966,1462
11,all,9,500,0.62851,1451
11,all,0,750,0.33777,1455
11,all,1,750,0.34772,1451
11,all,2,750,0.36597,1431
11,all,3,750,0.34410,1455
11,all,4,750,0.34543,1443
11,all,5,750,0.36226,1454
11,all,6,750,0.36953,1463
11,all,7,750,0.36073,1427
11,all,8,750,0.35855,1468
11,all,9,750,0.36633,1447
11,all,0,1000,0.12969,1425
11,all,1,1000,0.11665,1422
11,all,2,1000,0.13414,1414
11,all,3,1000,0.14026,1436
11,all,4,1000,0.12340,1423
11,all,5,1000,0.10343,1418
11,all,6,1000,0.16424,1422
11,all,7,1000,0.13866,1426
11,all,8,1000,0.15515,1410
11,all,9,1000,0.13531,1397
11,largestonly,0,50,0.65814,605
11,largestonly,1,50,0.65180,619
11,largestonly,2,50,0.66531,599
11,largestonly,3,50,0.64377,606
11,largestonly,4,50,0.65528,597
11,largestonly,5,50,0.66524,619
11,largestonly,6,50,0.64039,602
11,largestonly,7,50,0.65490,619
11,largestonly,8,50,0.64393,598
11,largestonly,9,50,0.67414,588
11,largestonly,0,100,0.85444,715
11,largestonly,1,100,0.85001,715
11,largestonly,2,100,0.84102,719
11,largestonly,3,100,0.86537,712
11,largestonly,4,100,0.84728,721
11,largestonly,5,100,0.84790,721
11,largestonly,6,100,0.85743,720
11,largestonly,7,100,0.84519,714
11,largestonly,8,100,0.84789,710
11,largestonly,9,100,0.86108,701
11,largestonly,0,200,0.82518,1024
11,largestonly,1,200,0.82078,1025
11,largestonly,2,200,0.81634,993
11,largestonly,3,200,0.83229,1016
11,largestonly,4,200,0.82776,1020
11,largestonly,5,200,0.82111,1020
11,largestonly,6,200,0.81862,1017
11,largestonly,7,200,0.82219,1026
11,largestonly,8,200,0.82647,982
11,largestonly,9,200,0.81584,982
11,largestonly,0,300,0.75252,879
11,largestonly,1,300,0.74205,883
11,largestonly,2,300,0.74866,882
11,largestonly,3,300,0.76343,883
11,largestonly,4,300,0.75595,887
11,largestonly,5,300,0.75765,882
11,largestonly,6,300,0.74900,884
11,largestonly,7,300,0.75974,872
11,largestonly,8,300,0.74712,844
11,largestonly,9,300,0.74425,882
11,largestonly,0,400,0.71806,884
11,largestonly,1,400,0.74336,878
11,largestonly,2,400,0.72704,863
11,largestonly,3,400,0.73288,878
11,largestonly,4,400,0.72336,887
11,largestonly,5,400,0.73061,884
11,largestonly,6,400,0.73650,889
11,largestonly,7,400,0.73519,884
11,largestonly,8,400,0.71595,856
11,largestonly,9,400,0.73468,871
11,largestonly,0,500,0.66341,882
11,largestonly,1,500,0.64993,875
11,largestonly,2,500,0.63435,842
11,largestonly,3,500,0.66223,869
11,largestonly,4,500,0.65375,865
11,largestonly,5,500,0.65128,880
11,largestonly,6,500,0.68046,882
11,largestonly,7,500,0.63082,860
11,largestonly,8,500,0.63421,844
11,largestonly,9,500,0.65056,848
11,largestonly,0,750,0.49913,804
11,largestonly,1,750,0.44531,822
11,largestonly,2,750,0.48777,794
11,largestonly,3,750,0.44427,820
11,largestonly,4,750,0.44116,820
11,largestonly,5,750,0.42526,824
11,largestonly,6,750,0.48507,831
11,largestonly,7,750,0.45243,813
11,largestonly,8,750,0.42611,795
11,largestonly,9,750,0.44418,796
11,largestonly,0,1000,0.22771,803
11,largestonly,1,1000,0.28371,818
11,largestonly,2,1000,0.22567,795
11,largestonly,3,1000,0.25116,817
11,largestonly,4,1000,0.20774,809
11,largestonly,5,1000,0.26696,810
11,largestonly,6,1000,0.31335,815
11,largestonly,7,1000,0.20862,813
11,largestonly,8,1000,0.28233,784
11,largestonly,9,1000,0.27503,786
11,removelargest,0,50,0.63422,800
11,removelargest,1,50,0.64605,785
11,removelargest,2,50,0.65404,789
11,removelargest,3,50,0.64601,762
11,removelargest,4,50,0.62933,780
11,removelargest,5,50,0.63037,796
11,removelargest,6,50,0.64096,785
11,removelargest,7,50,0.62796,795
11,removelargest,8,50,0.62956,798
11,removelargest,9,50,0.64594,781
11,removelargest,0,100,0.86851,810
11,removelargest,1,100,0.87489,806
11,removelargest,2,100,0.88232,801
11,removelargest,3,100,0.85433,823
11,removelargest,4,100,0.87689,803
11,removelargest,5,100,0.87558,805
11,removelargest,6,100,0.85483,820
11,removelargest,7,100,0.86322,815
11,removelargest,8,100,0.87633,806
11,removelargest,9,100,0.88857,792
11,removelargest,0,200,0.90494,1458
11,removelargest,1,200,0.90570,1463
11,removelargest,2,200,0.90047,1463
11,removelargest,3,200,0.90444,1467
11,removelargest,4,200,0.90616,1456
11,removelargest,5,200,0.89960,1460
11,removelargest,6,200,0.90885,1468
11,removelargest,7,200,0.90780,1456
11,removelargest,8,200,0.91323,1459
11,removelargest,9,200,0.90249,1459
11,removelargest,0,300,0.79517,1512
11,removelargest,1,300,0.80249,1488
11,removelargest,2,300,0.78482,1492
11,removelargest,3,300,0.80823,1519
11,removelargest,4,300,0.79846,1498
11,removelargest,5,300,0.80095,1498
11,removelargest,6,300,0.80868,1525
11,removelargest,7,300,0.79371,1507
11,removelargest,8,300,0.80232,1518
11,removelargest,9,300,0.78950,1501
11,removelargest,0,400,0.71921,1263
11,removelargest,1,400,0.71081,1273
11,removelargest,2,400,0.71824,1292
11,removelargest,3,400,0.72967,1275
11,removelargest,4,400,0.73329,1299
11,removelargest,5,400,0.72531,1277
11,removelargest,6,400,0.71974,1292
11,removelargest,7,400,0.71517,1273
11,removelargest,8,400,0.70837,1300
11,removelargest,9,400,0.71007,1274
11,removelargest,0,500,0.60215,1202
11,removelargest,1,500,0.62103,1199
11,removelargest,2,500,0.65375,1188
11,removelargest,3,500,0.65273,1221
11,removelargest,4,500,0.61123,1211
11,removelargest,5,500,0.62968,1228
11,removelargest,6,500,0.62962,1216
11,removelargest,7,500,0.61744,1219
11,removelargest,8,500,0.61157,1199
11,removelargest,9,500,0.61779,1212
11,removelargest,0,750,0.31704,1145
11,removelargest,1,750,0.36076,1120
11,removelargest,2,750,0.31671,1111
11,removelargest,3,750,0.36882,1137
11,removelargest,4,750,0.34201,1118
11,removelargest,5,750,0.35588,1139
11,removelargest,6,750,0.38967,1140
11,removelargest,7,750,0.33327,1127
11,removelargest,8,750,0.34974,1123
11,removelargest,9,750,0.32775,1122
11,removelargest,0,1000,0.11990,1121
11,removelargest,1,1000,0.10571,1105
11,removelargest,2,1000,0.11706,1075
11,removelargest,3,1000,0.16772,1110
11,removelargest,4,1000,0.13970,1112
11,removelargest,5,1000,0.11186,1140
11,removelargest,6,1000,0.12180,1136
11,removelargest,7,1000,0.14475,1119
11,removelargest,8,1000,0.16537,1115
11,removelargest,9,1000,0.12440,1128
