celln,experiment,trial,fmod,VS,nspikes
13,all,0,50,0.63309,737
13,all,1,50,0.64247,716
13,all,2,50,0.62563,714
13,all,3,50,0.63239,717
13,all,4,50,0.63636,722
13,all,5,50,0.63622,724
13,all,6,50,0.63283,707
13,all,7,50,0.63158,736
13,all,8,50,0.63647,730
13,all,9,50,0.64179,709
13,all,0,100,0.91689,781
13,all,1,100,0.91257,787
13,all,2,100,0.92787,777
13,all,3,100,0.91208,787
13,all,4,100,0.90983,788
13,all,5,100,0.90974,786
13,all,6,100,0.89619,797
13,all,7,100,0.91227,786
13,all,8,100,0.90884,789
13,all,9,100,0.91387,782
13,all,0,200,0.92488,1489
13,all,1,200,0.93016,1492
13,all,2,200,0.91734,1488
13,all,3,200,0.93145,1500
13,all,4,200,0.92545,1490
13,all,5,200,0.93409,1486
13,all,6,200,0.92831,1483
13,all,7,200,0.93033,1493
13,all,8,200,0.93605,1486
13,all,9,200,0.93115,1485
13,all,0,300,0.82892,1678
13,all,1,300,0.83060,1656
13,all,2,300,0.82457,1651
13,all,3,300,0.81769,1688
13,all,4,300,0.81935,1650
13,all,5,300,0.82373,1659
13,all,6,300,0.82710,1666
13,all,7,300,0.81690,1669
13,all,8,300,0.83299,1683
13,all,9,300,0.82444,1632
13,all,0,400,0.74500,1327
13,all,1,400,0.75332,1333
13,all,2,400,0.75532,1316
13,all,3,400,0.75077,1317
13,all,4,400,0.74623,1333
13,all,5,400,0.74039,1320
13,all,6,400,0.75113,1338
13,all,7,400,0.74289,1320
13,all,8,400,0.74481,1329
13,all,9,400,0.75293,1314
13,all,0,500,0.65343,1256
13,all,1,500,0.64839,1239
13,all,2,500,0.66093,1217
13,all,3,500,0.67411,1263
13,all,4,500,0.65349,1239
13,all,5,500,0.64464,1260
13,all,6,500,0.65795,1251
13,all,7,500,0.64924,1277
13,all,8,500,0.66034,1235
13,all,9,500,0.67192,1243
13,all,0,750,0.37730,1112
13,all,1,750,0.35314,1121
13,all,2,750,0.39407,1109
13,all,3,750,0.36489,1126
13,all,4,750,0.37444,1124
13,all,5,750,0.39483,1137
13,all,6,750,0.40237,1090
13,all,7,750,0.40819,1083
13,all,8,750,0.36988,1105
13,all,9,750,0.38191,1118
13,all,0,1000,0.13786,1066
13,all,1,1000,0.14988,1078
13,all,2,1000,0.15904,1075
13,all,3,1000,0.13586,1097
13,all,4,1000,0.12713,1058
13,all,5,1000,0.11955,1076
13,all,6,1000,0.17254,1090
13,all,7,1000,0.13937,1062
13,all,8,1000,0.10976,1093
13,all,9,1000,0.12072,1067
13,largestonly,0,50,0.70162,348
13,largestonly,1,50,0.69092,340
13,largestonly,2,50,0.71580,340
13,largestonly,3,50,0.67589,326
13,largestonly,4,50,0.70741,319
13,largestonly,5,50,0.73002,349
13,largestonly,6,50,0.68163,351
13,largestonly,7,50,0.74435,336
13,largestonly,8,50,0.67496,337
13,largestonly,9,50,0.71686,338
13,largestonly,0,100,0.85598,516
13,largestonly,1,100,0.86209,523
13,largestonly,2,100,0.84226,534
13,largestonly,3,100,0.86351,530
13,largestonly,4,100,0.84956,504
13,largestonly,5,100,0.84863,496
13,largestonly,6,100,0.86543,529
13,largestonly,7,100,0.85386,527
13,largestonly,8,100,0.85747,515
13,largestonly,9,100,0.85981,502
13,largestonly,0,200,0.76226,420
13,largestonly,1,200,0.79836,434
13,largestonly,2,200,0.77888,418
13,largestonly,3,200,0.79886,434
13,largestonly,4,200,0.76568,438
13,largestonly,5,200,0.79658,440
13,largestonly,6,200,0.79311,444
13,largestonly,7,200,0.78593,440
13,largestonly,8,200,0.79131,455
13,largestonly,9,200,0.79797,437
13,largestonly,0,300,0.75938,410
13,largestonly,1,300,0.74633,428
13,largestonly,2,300,0.76992,416
13,largestonly,3,300,0.76599,420
13,largestonly,4,300,0.76734,418
13,largestonly,5,300,0.77677,419
13,largestonly,6,300,0.74212,438
13,largestonly,7,300,0.76147,406
13,largestonly,8,300,0.74719,404
13,largestonly,9,300,0.76077,422
13,largestonly,0,400,0.68209,411
13,largestonly,1,400,0.69024,410
13,largestonly,2,400,0.66685,404
13,largestonly,3,400,0.68706,419
13,largestonly,4,400,0.71525,414
13,largestonly,5,400,0.66034,424
13,largestonly,6,400,0.72908,426
13,largestonly,7,400,0.70290,400
13,largestonly,8,400,0.67059,429
13,largestonly,9,400,0.70871,404
13,largestonly,0,500,0.63541,438
13,largestonly,1,500,0.58555,438
13,largestonly,2,500,0.57498,422
13,largestonly,3,500,0.60883,438
13,largestonly,4,500,0.61157,417
13,largestonly,5,500,0.60992,442
13,largestonly,6,500,0.61491,435
13,largestonly,7,500,0.58886,418
13,largestonly,8,500,0.58699,441
13,largestonly,9,500,0.60473,452
13,largestonly,0,750,0.38133,442
13,largestonly,1,750,0.39132,431
13,largestonly,2,750,0.40233,426
13,largestonly,3,750,0.40642,429
13,largestonly,4,750,0.36849,441
13,largestonly,5,750,0.38669,432
13,largestonly,6,750,0.37995,428
13,largestonly,7,750,0.37267,423
13,largestonly,8,750,0.36793,401
13,largestonly,9,750,0.37786,428
13,largestonly,0,1000,0.18992,429
13,largestonly,1,1000,0.18618,430
13,largestonly,2,1000,0.19912,422
13,largestonly,3,1000,0.13559,448
13,largestonly,4,1000,0.15762,437
13,largestonly,5,1000,0.15405,439
13,largestonly,6,1000,0.14985,429
13,largestonly,7,1000,0.17523,435
13,largestonly,8,1000,0.14406,400
13,largestonly,9,1000,0.12749,428
13,removelargest,0,50,0.67143,617
13,removelargest,1,50,0.67476,617
13,removelargest,2,50,0.67749,634
13,removelargest,3,50,0.67014,637
13,removelargest,4,50,0.66530,616
13,removelargest,5,50,0.67640,616
13,removelargest,6,50,0.68510,596
13,removelargest,7,50,0.67776,620
13,removelargest,8,50,0.68443,611
13,removelargest,9,50,0.67746,615
13,removelargest,0,100,0.94862,758
13,removelargest,1,100,0.95301,756
13,removelargest,2,100,0.95830,756
13,removelargest,3,100,0.94904,761
13,removelargest,4,100,0.95461,755
13,removelargest,5,100,0.96071,753
13,removelargest,6,100,0.94758,757
13,removelargest,7,100,0.95025,757
13,removelargest,8,100,0.94877,760
13,removelargest,9,100,0.95372,755
13,removelargest,0,200,0.89919,1421
13,removelargest,1,200,0.90323,1424
13,removelargest,2,200,0.89154,1428
13,removelargest,3,200,0.89922,1438
13,removelargest,4,200,0.90245,1423
13,removelargest,5,200,0.90404,1425
13,removelargest,6,200,0.90350,1422
13,removelargest,7,200,0.90235,1435
13,removelargest,8,200,0.91128,1430
13,removelargest,9,200,0.91023,1427
13,removelargest,0,300,0.81065,1252
13,removelargest,1,300,0.82411,1260
13,removelargest,2,300,0.80466,1270
13,removelargest,3,300,0.80799,1271
13,removelargest,4,300,0.80744,1267
13,removelargest,5,300,0.80488,1249
13,removelargest,6,300,0.81324,1259
13,removelargest,7,300,0.81222,1251
13,removelargest,8,300,0.82052,1272
13,removelargest,9,300,0.80986,1259
13,removelargest,0,400,0.73035,1029
13,removelargest,1,400,0.74142,1051
13,removelargest,2,400,0.74952,1066
13,removelargest,3,400,0.75686,1058
13,removelargest,4,400,0.75084,1043
13,removelargest,5,400,0.74569,1061
13,removelargest,6,400,0.74503,1030
13,removelargest,7,400,0.75117,1051
13,removelargest,8,400,0.75619,1052
13,removelargest,9,400,0.75705,1047
13,removelargest,0,500,0.66711,957
13,removelargest,1,500,0.66015,964
13,removelargest,2,500,0.66721,972
13,removelargest,3,500,0.65552,979
13,removelargest,4,500,0.66540,947
13,removelargest,5,500,0.63141,963
13,removelargest,6,500,0.67059,953
13,removelargest,7,500,0.65274,969
13,removelargest,8,500,0.65184,968
13,removelargest,9,500,0.64185,972
13,removelargest,0,750,0.36137,799
13,removelargest,1,750,0.39710,804
13,removelargest,2,750,0.40588,777
13,removelargest,3,750,0.36498,794
13,removelargest,4,750,0.37769,825
13,removelargest,5,750,0.40649,825
13,removelargest,6,750,0.42269,775
13,removelargest,7,750,0.43744,806
13,removelargest,8,750,0.37706,778
13,removelargest,9,750,0.38412,820
13,removelargest,0,1000,0.10885,763
13,removelargest,1,1000,0.14547,743
13,removelargest,2,1000,0.14262,768
13,removelargest,3,1000,0.20079,781
13,removelargest,4,1000,0.10672,760
13,removelargest,5,1000,0.14661,759
13,removelargest,6,1000,0.12755,783
13,removelargest,7,1000,0.11630,740
13,removelargest,8,1000,0.14151,771
13,removelargest,9,1000,0.11335,785
