celln,experiment,trial,fmod,VS,nspikes
09,all,0,50,0.62383,863
09,all,1,50,0.61692,879
09,all,2,50,0.62834,857
09,all,3,50,0.62166,857
09,all,4,50,0.60383,886
09,all,5,50,0.60548,885
09,all,6,50,0.61354,898
09,all,7,50,0.61233,880
09,all,8,50,0.61774,849
09,all,9,50,0.61557,871
09,all,0,100,0.80689,863
09,all,1,100,0.78870,879
09,all,2,100,0.79227,876
09,all,3,100,0.78749,880
09,all,4,100,0.81282,861
09,all,5,100,0.79064,873
09,all,6,100,0.77946,886
09,all,7,100,0.76980,894
09,all,8,100,0.79675,873
09,all,9,100,0.77487,897
09,all,0,200,0.93052,1493
09,all,1,200,0.93284,1492
09,all,2,200,0.92845,1500
09,all,3,200,0.93274,1498
09,all,4,200,0.93584,1487
09,all,5,200,0.93769,1494
09,all,6,200,0.93254,1490
09,all,7,200,0.93751,1492
09,all,8,200,0.93236,1493
09,all,9,200,0.92934,1492
09,all,0,300,0.82254,1857
09,all,1,300,0.82711,1841
09,all,2,300,0.81621,1835
09,all,3,300,0.81970,1847
09,all,4,300,0.80520,1832
09,all,5,300,0.82076,1870
09,all,6,300,0.81446,1845
09,all,7,300,0.82288,1830
09,all,8,300,0.82329,1846
09,all,9,300,0.81761,1836
09,all,0,400,0.70361,1542
09,all,1,400,0.72513,1527
09,all,2,400,0.72223,1509
09,all,3,400,0.71175,1531
09,all,4,400,0.70852,1535
09,all,5,400,0.71398,1545
09,all,6,400,0.70215,1541
09,all,7,400,0.73080,1534
09,all,8,400,0.70960,1534
09,all,9,400,0.71952,1539
09,all,0,500,0.59060,1416
09,all,1,500,0.61603,1428
09,all,2,500,0.62113,1396
09,all,3,500,0.62601,1400
09,all,4,500,0.62812,1415
09,all,5,500,0.63024,1416
09,all,6,500,0.65307,1413
09,all,7,500,0.61061,1411
09,all,8,500,0.64165,1390
09,all,9,500,0.61158,1387
09,all,0,750,0.36162,1327
09,all,1,750,0.35018,1349
09,all,2,750,0.32918,1322
09,all,3,750,0.35327,1330
09,all,4,750,0.34670,1352
09,all,5,750,0.35654,1347
09,all,6,750,0.32487,1352
09,all,7,750,0.34959,1334
09,all,8,750,0.33297,1313
09,all,9,750,0.33736,1351
09,all,0,1000,0.12787,1304
09,all,1,1000,0.10117,1322
09,all,2,1000,0.11793,1291
09,all,3,1000,0.11462,1320
09,all,4,1000,0.13029,1321
09,all,5,1000,0.11042,1334
09,all,6,1000,0.11021,1318
09,all,7,1000,0.12837,1309
09,all,8,1000,0.13455,1337
09,all,9,1000,0.13104,1327
09,largestonly,0,50,0.65893,627
09,largestonly,1,50,0.64776,624
09,largestonly,2,50,0.65186,630
09,largestonly,3,50,0.65758,619
09,largestonly,4,50,0.64063,638
09,largestonly,5,50,0.62951,642
09,largestonly,6,50,0.65220,633
09,largestonly,7,50,0.65093,620
09,largestonly,8,50,0.66651,609
09,largestonly,9,50,0.65115,624
09,largestonly,0,100,0.84617,725
09,largestonly,1,100,0.84230,721
09,largestonly,2,100,0.84920,717
09,largestonly,3,100,0.83606,724
09,largestonly,4,100,0.85288,718
09,largestonly,5,100,0.86097,722
09,largestonly,6,100,0.84106,717
09,largestonly,7,100,0.83154,730
09,largestonly,8,100,0.84460,726
09,largestonly,9,100,0.84559,713
09,largestonly,0,200,0.83284,1048
09,largestonly,1,200,0.82549,1022
09,largestonly,2,200,0.83255,1026
09,largestonly,3,200,0.82831,1048
09,largestonly,4,200,0.83934,1054
09,largestonly,5,200,0.83701,1051
09,largestonly,6,200,0.82495,1044
09,largestonly,7,200,0.82906,1033
09,largestonly,8,200,0.82233,1042
09,largestonly,9,200,0.83843,1040
09,largestonly,0,300,0.73262,901
09,largestonly,1,300,0.73508,890
09,largestonly,2,300,0.73118,894
09,largestonly,3,300,0.74233,901
09,largestonly,4,300,0.72341,916
09,largestonly,5,300,0.73542,909
09,largestonly,6,300,0.73848,895
09,largestonly,7,300,0.74345,907
09,largestonly,8,300,0.74493,908
09,largestonly,9,300,0.74599,905
09,largestonly,0,400,0.70956,898
09,largestonly,1,400,0.73996,877
09,largestonly,2,400,0.73405,884
09,largestonly,3,400,0.73654,885
09,largestonly,4,400,0.71694,901
09,largestonly,5,400,0.73704,902
09,largestonly,6,400,0.73104,885
09,largestonly,7,400,0.72383,898
09,largestonly,8,400,0.74531,900
09,largestonly,9,400,0.72184,883
09,largestonly,0,500,0.63499,899
09,largestonly,1,500,0.63233,884
09,largestonly,2,500,0.63492,857
09,largestonly,3,500,0.64135,884
09,largestonly,4,500,0.64432,895
09,largestonly,5,500,0.64248,899
09,largestonly,6,500,0.63586,879
09,largestonly,7,500,0.63342,872
09,largestonly,8,500,0.65474,901
09,largestonly,9,500,0.66033,878
09,largestonly,0,750,0.45265,853
09,largestonly,1,750,0.42329,824
09,largestonly,2,750,0.47594,812
09,largestonly,3,750,0.41699,827
09,largestonly,4,750,0.44370,843
09,largestonly,5,750,0.45216,838
09,largestonly,6,750,0.46261,812
09,largestonly,7,750,0.44421,829
09,largestonly,8,750,0.43629,830
09,largestonly,9,750,0.40767,816
09,largestonly,0,1000,0.20948,841
09,largestonly,1,1000,0.29760,809
09,largestonly,2,1000,0.23318,810
09,largestonly,3,1000,0.26153,820
09,largestonly,4,1000,0.24661,828
09,largestonly,5,1000,0.26488,824
09,largestonly,6,1000,0.23099,801
09,largestonly,7,1000,0.28496,821
09,largestonly,8,1000,0.22949,828
09,largestonly,9,1000,0.22989,811
09,removelargest,0,50,0.67464,676
09,removelargest,1,50,0.66345,717
09,removelargest,2,50,0.67050,690
09,removelargest,3,50,0.67730,691
09,removelargest,4,50,0.66525,694
09,removelargest,5,50,0.65717,683
09,removelargest,6,50,0.66483,693
09,removelargest,7,50,0.65393,699
09,removelargest,8,50,0.66419,677
09,removelargest,9,50,0.66368,674
09,removelargest,0,100,0.94406,766
09,removelargest,1,100,0.92514,777
09,removelargest,2,100,0.93991,769
09,removelargest,3,100,0.93903,767
09,removelargest,4,100,0.94662,764
09,removelargest,5,100,0.92426,775
09,removelargest,6,100,0.93251,774
09,removelargest,7,100,0.93934,767
09,removelargest,8,100,0.93980,766
09,removelargest,9,100,0.92973,774
09,removelargest,0,200,0.91288,1452
09,removelargest,1,200,0.91249,1463
09,removelargest,2,200,0.91127,1455
09,removelargest,3,200,0.91742,1461
09,removelargest,4,200,0.90868,1459
09,removelargest,5,200,0.91672,1471
09,removelargest,6,200,0.91415,1459
09,removelargest,7,200,0.91382,1459
09,removelargest,8,200,0.91731,1452
09,removelargest,9,200,0.91104,1459
09,removelargest,0,300,0.80534,1363
09,removelargest,1,300,0.79284,1370
09,removelargest,2,300,0.79830,1370
09,removelargest,3,300,0.79486,1373
09,removelargest,4,300,0.80816,1344
09,removelargest,5,300,0.82286,1374
09,removelargest,6,300,0.79614,1369
09,removelargest,7,300,0.80503,1367
09,removelargest,8,300,0.80369,1363
09,removelargest,9,300,0.79126,1363
09,removelargest,0,400,0.72193,1155
09,removelargest,1,400,0.72989,1148
09,removelargest,2,400,0.71752,1131
09,removelargest,3,400,0.72824,1149
09,removelargest,4,400,0.73063,1146
09,removelargest,5,400,0.71854,1156
09,removelargest,6,400,0.73719,1154
09,removelargest,7,400,0.74327,1145
09,removelargest,8,400,0.73408,1163
09,removelargest,9,400,0.73554,1147
09,removelargest,0,500,0.62183,1033
09,removelargest,1,500,0.60414,1073
09,removelargest,2,500,0.64979,1082
09,removelargest,3,500,0.63975,1050
09,removelargest,4,500,0.62754,1062
09,removelargest,5,500,0.67065,1076
09,removelargest,6,500,0.66575,1095
09,removelargest,7,500,0.63911,1058
09,removelargest,8,500,0.59782,1056
09,removelargest,9,500,0.62513,1082
09,removelargest,0,750,0.34938,919
09,removelargest,1,750,0.36940,940
09,removelargest,2,750,0.33586,922
09,removelargest,3,750,0.34511,933
09,removelargest,4,750,0.36077,930
09,removelargest,5,750,0.35534,921
09,removelargest,6,750,0.35178,944
09,removelargest,7,750,0.34844,934
09,removelargest,8,750,0.30226,921
09,removelargest,9,750,0.33362,938
09,removelargest,0,1000,0.17282,888
09,removelargest,1,1000,0.11063,909
09,removelargest,2,1000,0.10501,919
09,removelargest,3,1000,0.12269,897
09,removelargest,4,1000,0.14434,897
09,removelargest,5,1000,0.12679,918
09,removelargest,6,1000,0.16606,920
09,removelargest,7,1000,0.12635,905
09,removelargest,8,1000,0.15711,903
09,removelargest,9,1000,0.08496,942
