celln,experiment,trial,fmod,VS,nspikes
10,all,0,50,0.72767,539
10,all,1,50,0.70684,554
10,all,2,50,0.68896,578
10,all,3,50,0.73470,519
10,all,4,50,0.72695,538
10,all,5,50,0.71202,546
10,all,6,50,0.71816,548
10,all,7,50,0.73940,545
10,all,8,50,0.75202,527
10,all,9,50,0.72936,524
10,all,0,100,0.97580,753
10,all,1,100,0.97355,752
10,all,2,100,0.97268,754
10,all,3,100,0.97489,753
10,all,4,100,0.97389,753
10,all,5,100,0.97275,752
10,all,6,100,0.97640,751
10,all,7,100,0.96536,757
10,all,8,100,0.97507,753
10,all,9,100,0.96673,755
10,all,0,200,0.93944,1481
10,all,1,200,0.93007,1477
10,all,2,200,0.93457,1488
10,all,3,200,0.93958,1485
10,all,4,200,0.93863,1495
10,all,5,200,0.93945,1488
10,all,6,200,0.93654,1479
10,all,7,200,0.93488,1482
10,all,8,200,0.93327,1487
10,all,9,200,0.93606,1490
10,all,0,300,0.83731,1381
10,all,1,300,0.83711,1383
10,all,2,300,0.84049,1422
10,all,3,300,0.82941,1395
10,all,4,300,0.82893,1407
10,all,5,300,0.84043,1391
10,all,6,300,0.82777,1381
10,all,7,300,0.83224,1382
10,all,8,300,0.83360,1389
10,all,9,300,0.82459,1397
10,all,0,400,0.77877,1070
10,all,1,400,0.78806,1089
10,all,2,400,0.79032,1100
10,all,3,400,0.76856,1078
10,all,4,400,0.76672,1099
10,all,5,400,0.77886,1081
10,all,6,400,0.78174,1082
10,all,7,400,0.77909,1070
10,all,8,400,0.76142,1086
10,all,9,400,0.78576,1096
10,all,0,500,0.67563,922
10,all,1,500,0.68146,924
10,all,2,500,0.69301,953
10,all,3,500,0.72273,923
10,all,4,500,0.68562,943
10,all,5,500,0.67789,947
10,all,6,500,0.67484,923
10,all,7,500,0.68877,952
10,all,8,500,0.68037,947
10,all,9,500,0.68468,916
10,all,0,750,0.38382,685
10,all,1,750,0.40985,697
10,all,2,750,0.32601,657
10,all,3,750,0.43233,688
10,all,4,750,0.36251,677
10,all,5,750,0.38882,677
10,all,6,750,0.34444,710
10,all,7,750,0.37417,696
10,all,8,750,0.41126,687
10,all,9,750,0.38543,702
10,all,0,1000,0.11464,640
10,all,1,1000,0.17587,631
10,all,2,1000,0.11066,654
10,all,3,1000,0.09230,614
10,all,4,1000,0.13881,624
10,all,5,1000,0.12231,637
10,all,6,1000,0.15724,655
10,all,7,1000,0.12555,647
10,all,8,1000,0.17978,638
10,all,9,1000,0.13049,641
10,largestonly,0,50,0.97310,5
10,largestonly,1,50,0.84643,2
10,largestonly,2,50,0.89506,3
10,largestonly,3,50,0.98090,4
10,largestonly,4,50,0.99161,2
10,largestonly,5,50,0.86801,4
10,largestonly,6,50,0.83186,6
10,largestonly,7,50,0.60980,2
10,largestonly,8,50,0.94188,4
10,largestonly,9,50,0.98337,4
10,largestonly,0,100,0.99794,3
10,largestonly,1,100,0.85191,5
10,largestonly,2,100,0.98443,5
10,largestonly,3,100,0.94007,5
10,largestonly,4,100,0.87867,8
10,largestonly,5,100,0.87201,10
10,largestonly,6,100,0.84705,5
10,largestonly,7,100,0.96959,4
10,largestonly,8,100,0.95549,9
10,largestonly,9,100,0.98079,2
10,largestonly,0,200,1.00000,1
10,largestonly,1,200,0.96256,6
10,largestonly,2,200,0.98612,3
10,largestonly,3,200,0.98025,4
10,largestonly,4,200,0.92887,4
10,largestonly,5,200,0.91964,7
10,largestonly,6,200,0.90494,5
10,largestonly,7,200,nan,0
10,largestonly,8,200,0.92880,4
10,largestonly,9,200,0.97732,3
10,largestonly,0,300,1.00000,1
10,largestonly,1,300,0.88006,2
10,largestonly,2,300,1.00000,1
10,largestonly,3,300,nan,0
10,largestonly,4,300,0.97248,3
10,largestonly,5,300,0.99307,2
10,largestonly,6,300,1.00000,1
10,largestonly,7,300,nan,0
10,largestonly,8,300,1.00000,1
10,largestonly,9,300,0.99997,2
10,largestonly,0,400,nan,0
10,largestonly,1,400,1.00000,1
10,largestonly,2,400,1.00000,1
10,largestonly,3,400,1.00000,1
10,largestonly,4,400,1.00000,1
10,largestonly,5,400,nan,0
10,largestonly,6,400,nan,0
10,largestonly,7,400,nan,0
10,largestonly,8,400,1.00000,1
10,largestonly,9,400,nan,0
10,largestonly,0,500,nan,0
10,largestonly,1,500,0.38268,2
10,largestonly,2,500,nan,0
10,largestonly,3,500,1.00000,1
10,largestonly,4,500,nan,0
10,largestonly,5,500,nan,0
10,largestonly,6,500,nan,0
10,largestonly,7,500,nan,0
10,largestonly,8,500,nan,0
10,largestonly,9,500,nan,0
10,largestonly,0,750,0.68184,3
10,largestonly,1,750,0.29389,4
10,largestonly,2,750,nan,0
10,largestonly,3,750,1.00000,1
10,largestonly,4,750,1.00000,1
10,largestonly,5,750,0.63434,3
10,largestonly,6,750,nan,0
10,largestonly,7,750,0.84222,2
10,largestonly,8,750,0.95106,2
10,largestonly,9,750,0.01963,2
10,largestonly,0,1000,0.20601,3
10,largestonly,1,1000,0.44471,5
10,largestonly,2,1000,0.80902,2
10,largestonly,3,1000,1.00000,1
10,largestonly,4,1000,1.00000,1
10,largestonly,5,1000,0.47407,4
10,largestonly,6,1000,nan,0
10,largestonly,7,1000,1.00000,1
10,largestonly,8,1000,0.80902,2
10,largestonly,9,1000,1.00000,1
10,removelargest,0,50,0.77018,476
10,removelargest,1,50,0.77149,477
10,removelargest,2,50,0.75798,492
10,removelargest,3,50,0.76072,466
10,removelargest,4,50,0.79295,466
10,removelargest,5,50,0.77279,465
10,removelargest,6,50,0.75145,477
10,removelargest,7,50,0.80244,475
10,removelargest,8,50,0.78243,473
10,removelargest,9,50,0.76898,476
10,removelargest,0,100,0.97443,749
10,removelargest,1,100,0.97409,749
10,removelargest,2,100,0.97411,747
10,removelargest,3,100,0.97396,750
10,removelargest,4,100,0.97448,748
10,removelargest,5,100,0.96980,750
10,removelargest,6,100,0.97305,748
10,removelargest,7,100,0.96941,750
10,removelargest,8,100,0.97327,746
10,removelargest,9,100,0.96788,749
10,removelargest,0,200,0.91667,1409
10,removelargest,1,200,0.90761,1403
10,removelargest,2,200,0.91261,1423
10,removelargest,3,200,0.91999,1414
10,removelargest,4,200,0.91376,1434
10,removelargest,5,200,0.91751,1422
10,removelargest,6,200,0.91896,1414
10,removelargest,7,200,0.91134,1419
10,removelargest,8,200,0.90663,1421
10,removelargest,9,200,0.90676,1423
10,removelargest,0,300,0.83859,1058
10,removelargest,1,300,0.83224,1070
10,removelargest,2,300,0.83539,1068
10,removelargest,3,300,0.82183,1068
10,removelargest,4,300,0.82350,1077
10,removelargest,5,300,0.83806,1088
10,removelargest,6,300,0.83302,1064
10,removelargest,7,300,0.84567,1087
10,removelargest,8,300,0.84673,1081
10,removelargest,9,300,0.82940,1088
10,removelargest,0,400,0.76893,855
10,removelargest,1,400,0.79154,829
10,removelargest,2,400,0.77407,869
10,removelargest,3,400,0.77525,822
10,removelargest,4,400,0.76507,852
10,removelargest,5,400,0.78968,821
10,removelargest,6,400,0.75756,853
10,removelargest,7,400,0.78014,820
10,removelargest,8,400,0.77828,846
10,removelargest,9,400,0.79150,872
10,removelargest,0,500,0.68882,677
10,removelargest,1,500,0.70184,675
10,removelargest,2,500,0.67660,700
10,removelargest,3,500,0.70946,666
10,removelargest,4,500,0.69546,662
10,removelargest,5,500,0.67779,691
10,removelargest,6,500,0.65427,679
10,removelargest,7,500,0.69490,663
10,removelargest,8,500,0.70550,695
10,removelargest,9,500,0.69666,679
10,removelargest,0,750,0.40638,441
10,removelargest,1,750,0.44482,438
10,removelargest,2,750,0.37878,439
10,removelargest,3,750,0.45484,441
10,removelargest,4,750,0.37558,437
10,removelargest,5,750,0.37572,457
10,removelargest,6,750,0.38510,448
10,removelargest,7,750,0.40350,453
10,removelargest,8,750,0.42380,441
10,removelargest,9,750,0.38206,459
10,removelargest,0,1000,0.10719,391
10,removelargest,1,1000,0.18604,393
10,removelargest,2,1000,0.15699,406
10,removelargest,3,1000,0.18455,407
10,removelargest,4,1000,0.18163,434
10,removelargest,5,1000,0.11332,413
10,removelargest,6,1000,0.12721,428
10,removelargest,7,1000,0.14365,413
10,removelargest,8,1000,0.17177,420
10,removelargest,9,1000,0.11077,397
