celln,experiment,trial,fmod,VS,nspikes
30,all,0,50,0.68239,633
30,all,1,50,0.67220,620
30,all,2,50,0.67013,636
30,all,3,50,0.68034,597
30,all,4,50,0.67236,610
30,all,5,50,0.67505,605
30,all,6,50,0.68484,617
30,all,7,50,0.69167,598
30,all,8,50,0.69468,626
30,all,9,50,0.66398,638
30,all,0,100,0.96131,758
30,all,1,100,0.95947,758
30,all,2,100,0.94735,766
30,all,3,100,0.94772,764
30,all,4,100,0.95116,764
30,all,5,100,0.94049,769
30,all,6,100,0.95857,760
30,all,7,100,0.95352,763
30,all,8,100,0.95409,761
30,all,9,100,0.94980,763
30,all,0,200,0.92564,1478
30,all,1,200,0.92646,1478
30,all,2,200,0.92157,1480
30,all,3,200,0.92912,1480
30,all,4,200,0.92980,1479
30,all,5,200,0.93015,1482
30,all,6,200,0.92802,1481
30,all,7,200,0.92223,1481
30,all,8,200,0.92578,1482
30,all,9,200,0.92894,1479
30,all,0,300,0.82018,1397
30,all,1,300,0.81475,1394
30,all,2,300,0.80867,1420
30,all,3,300,0.81392,1399
30,all,4,300,0.80791,1402
30,all,5,300,0.81864,1394
30,all,6,300,0.82165,1402
30,all,7,300,0.82002,1384
30,all,8,300,0.83227,1401
30,all,9,300,0.81530,1397
30,all,0,400,0.75559,1131
30,all,1,400,0.75907,1127
30,all,2,400,0.73456,1137
30,all,3,400,0.74243,1128
30,all,4,400,0.74461,1143
30,all,5,400,0.73904,1131
30,all,6,400,0.75291,1138
30,all,7,400,0.73761,1136
30,all,8,400,0.74433,1133
30,all,9,400,0.72741,1124
30,all,0,500,0.62572,1011
30,all,1,500,0.67561,1032
30,all,2,500,0.65211,1021
30,all,3,500,0.64390,1004
30,all,4,500,0.63544,1047
30,all,5,500,0.64679,1057
30,all,6,500,0.63889,1028
30,all,7,500,0.63116,1028
30,all,8,500,0.64172,1051
30,all,9,500,0.63537,1035
30,all,0,750,0.36630,852
30,all,1,750,0.37058,829
30,all,2,750,0.33842,851
30,all,3,750,0.34938,867
30,all,4,750,0.36155,858
30,all,5,750,0.34649,833
30,all,6,750,0.36724,853
30,all,7,750,0.29533,846
30,all,8,750,0.34025,839
30,all,9,750,0.35768,828
30,all,0,1000,0.07383,800
30,all,1,1000,0.11574,838
30,all,2,1000,0.12515,838
30,all,3,1000,0.13055,828
30,all,4,1000,0.06894,831
30,all,5,1000,0.10742,809
30,all,6,1000,0.11375,823
30,all,7,1000,0.10795,824
30,all,8,1000,0.12996,812
30,all,9,1000,0.12606,823
30,largestonly,0,50,0.75542,162
30,largestonly,1,50,0.76494,152
30,largestonly,2,50,0.78667,145
30,largestonly,3,50,0.78807,166
30,largestonly,4,50,0.79528,169
30,largestonly,5,50,0.74833,156
30,largestonly,6,50,0.75798,162
30,largestonly,7,50,0.72784,168
30,largestonly,8,50,0.76631,163
30,largestonly,9,50,0.74761,170
30,largestonly,0,100,0.87797,283
30,largestonly,1,100,0.85696,278
30,largestonly,2,100,0.86281,282
30,largestonly,3,100,0.86975,261
30,largestonly,4,100,0.87155,285
30,largestonly,5,100,0.85462,282
30,largestonly,6,100,0.87178,287
30,largestonly,7,100,0.86362,270
30,largestonly,8,100,0.86848,311
30,largestonly,9,100,0.88030,293
30,largestonly,0,200,0.80585,178
30,largestonly,1,200,0.82199,193
30,largestonly,2,200,0.80563,190
30,largestonly,3,200,0.80928,173
30,largestonly,4,200,0.79118,193
30,largestonly,5,200,0.80477,194
30,largestonly,6,200,0.82584,185
30,largestonly,7,200,0.79682,177
30,largestonly,8,200,0.80847,195
30,largestonly,9,200,0.78656,182
30,largestonly,0,300,0.69360,173
30,largestonly,1,300,0.78478,157
30,largestonly,2,300,0.72739,151
30,largestonly,3,300,0.73458,167
30,largestonly,4,300,0.72658,157
30,largestonly,5,300,0.74750,156
30,largestonly,6,300,0.74095,156
30,largestonly,7,300,0.75654,160
30,largestonly,8,300,0.75990,152
30,largestonly,9,300,0.74550,158
30,largestonly,0,400,0.66084,173
30,largestonly,1,400,0.74116,163
30,largestonly,2,400,0.65257,147
30,largestonly,3,400,0.70107,155
30,largestonly,4,400,0.67708,152
30,largestonly,5,400,0.72116,169
30,largestonly,6,400,0.69322,164
30,largestonly,7,400,0.62682,150
30,largestonly,8,400,0.60889,140
30,largestonly,9,400,0.68135,157
30,largestonly,0,500,0.54236,187
30,largestonly,1,500,0.57596,179
30,largestonly,2,500,0.52872,149
30,largestonly,3,500,0.63555,186
30,largestonly,4,500,0.54301,181
30,largestonly,5,500,0.57959,177
30,largestonly,6,500,0.56296,195
30,largestonly,7,500,0.51396,182
30,largestonly,8,500,0.55827,172
30,largestonly,9,500,0.56844,170
30,largestonly,0,750,0.31339,193
30,largestonly,1,750,0.31501,188
30,largestonly,2,750,0.28670,200
30,largestonly,3,750,0.40551,197
30,largestonly,4,750,0.25381,187
30,largestonly,5,750,0.32609,218
30,largestonly,6,750,0.30213,204
30,largestonly,7,750,0.26263,203
30,largestonly,8,750,0.31828,206
30,largestonly,9,750,0.30893,196
30,largestonly,0,1000,0.20092,179
30,largestonly,1,1000,0.19784,194
30,largestonly,2,1000,0.19164,195
30,largestonly,3,1000,0.16281,185
30,largestonly,4,1000,0.11487,203
30,largestonly,5,1000,0.13024,209
30,largestonly,6,1000,0.16024,193
30,largestonly,7,1000,0.12752,190
30,largestonly,8,1000,0.17677,196
30,largestonly,9,1000,0.16780,196
30,removelargest,0,50,0.76283,489
30,removelargest,1,50,0.74886,486
30,removelargest,2,50,0.76412,485
30,removelargest,3,50,0.75732,488
30,removelargest,4,50,0.75378,482
30,removelargest,5,50,0.74768,482
30,removelargest,6,50,0.76338,482
30,removelargest,7,50,0.77836,469
30,removelargest,8,50,0.76575,480
30,removelargest,9,50,0.76142,477
30,removelargest,0,100,0.96982,744
30,removelargest,1,100,0.96966,747
30,removelargest,2,100,0.97262,742
30,removelargest,3,100,0.97009,748
30,removelargest,4,100,0.96787,747
30,removelargest,5,100,0.96827,747
30,removelargest,6,100,0.96752,745
30,removelargest,7,100,0.97267,748
30,removelargest,8,100,0.96652,747
30,removelargest,9,100,0.97047,749
30,removelargest,0,200,0.90113,1345
30,removelargest,1,200,0.89534,1369
30,removelargest,2,200,0.90531,1363
30,removelargest,3,200,0.90356,1383
30,removelargest,4,200,0.90737,1366
30,removelargest,5,200,0.90842,1388
30,removelargest,6,200,0.90403,1358
30,removelargest,7,200,0.90929,1387
30,removelargest,8,200,0.90589,1358
30,removelargest,9,200,0.90716,1365
30,removelargest,0,300,0.81116,977
30,removelargest,1,300,0.83189,942
30,removelargest,2,300,0.81935,974
30,removelargest,3,300,0.81085,989
30,removelargest,4,300,0.81604,965
30,removelargest,5,300,0.82680,971
30,removelargest,6,300,0.80975,969
30,removelargest,7,300,0.82191,945
30,removelargest,8,300,0.82816,956
30,removelargest,9,300,0.81772,981
30,removelargest,0,400,0.76350,767
30,removelargest,1,400,0.75412,758
30,removelargest,2,400,0.76396,798
30,removelargest,3,400,0.76905,778
30,removelargest,4,400,0.76313,783
30,removelargest,5,400,0.76086,802
30,removelargest,6,400,0.74600,761
30,removelargest,7,400,0.75560,770
30,removelargest,8,400,0.73574,772
30,removelargest,9,400,0.75149,770
30,removelargest,0,500,0.65921,595
30,removelargest,1,500,0.67720,601
30,removelargest,2,500,0.67595,629
30,removelargest,3,500,0.71599,602
30,removelargest,4,500,0.68142,606
30,removelargest,5,500,0.66455,655
30,removelargest,6,500,0.65437,617
30,removelargest,7,500,0.69539,637
30,removelargest,8,500,0.70685,613
30,removelargest,9,500,0.68644,629
30,removelargest,0,750,0.39136,437
30,removelargest,1,750,0.45828,391
30,removelargest,2,750,0.40543,426
30,removelargest,3,750,0.36458,434
30,removelargest,4,750,0.35396,422
30,removelargest,5,750,0.35253,427
30,removelargest,6,750,0.38489,424
30,removelargest,7,750,0.30562,414
30,removelargest,8,750,0.36974,419
30,removelargest,9,750,0.36451,414
30,removelargest,0,1000,0.10889,376
30,removelargest,1,1000,0.09118,366
30,removelargest,2,1000,0.17240,384
30,removelargest,3,1000,0.11719,361
30,removelargest,4,1000,0.06420,390
30,removelargest,5,1000,0.13063,363
30,removelargest,6,1000,0.16017,360
30,removelargest,7,1000,0.14767,385
30,removelargest,8,1000,0.12452,370
30,removelargest,9,1000,0.13464,393
