celln,experiment,trial,fmod,VS,nspikes
17,all,0,50,0.61447,844
17,all,1,50,0.61310,845
17,all,2,50,0.59464,828
17,all,3,50,0.58789,847
17,all,4,50,0.59912,828
17,all,5,50,0.59718,854
17,all,6,50,0.59590,827
17,all,7,50,0.60903,839
17,all,8,50,0.57731,847
17,all,9,50,0.60437,810
17,all,0,100,0.79845,895
17,all,1,100,0.79858,879
17,all,2,100,0.81380,881
17,all,3,100,0.79865,885
17,all,4,100,0.79414,887
17,all,5,100,0.79256,888
17,all,6,100,0.78478,900
17,all,7,100,0.80533,880
17,all,8,100,0.79784,888
17,all,9,100,0.79122,891
17,all,0,200,0.89600,1481
17,all,1,200,0.90550,1489
17,all,2,200,0.89497,1479
17,all,3,200,0.90620,1497
17,all,4,200,0.90114,1487
17,all,5,200,0.90314,1483
17,all,6,200,0.90738,1483
17,all,7,200,0.90743,1482
17,all,8,200,0.90048,1487
17,all,9,200,0.89710,1480
17,all,0,300,0.83339,1861
17,all,1,300,0.83508,1825
17,all,2,300,0.83132,1828
17,all,3,300,0.83205,1853
17,all,4,300,0.84270,1835
17,all,5,300,0.83345,1829
17,all,6,300,0.83671,1851
17,all,7,300,0.83117,1851
17,all,8,300,0.83514,1860
17,all,9,300,0.83373,1814
17,all,0,400,0.74733,1516
17,all,1,400,0.75438,1563
17,all,2,400,0.75117,1529
17,all,3,400,0.74180,1557
17,all,4,400,0.75517,1537
17,all,5,400,0.73899,1549
17,all,6,400,0.75530,1575
17,all,7,400,0.74168,1530
17,all,8,400,0.74373,1545
17,all,9,400,0.74106,1534
17,all,0,500,0.65234,1368
17,all,1,500,0.66504,1341
17,all,2,500,0.66896,1359
17,all,3,500,0.67121,1352
17,all,4,500,0.66808,1344
17,all,5,500,0.67185,1352
17,all,6,500,0.69516,1361
17,all,7,500,0.65279,1366
17,all,8,500,0.63838,1354
17,all,9,500,0.66423,1372
17,all,0,750,0.40129,1422
17,all,1,750,0.40343,1408
17,all,2,750,0.44957,1400
17,all,3,750,0.42489,1386
17,all,4,750,0.40949,1406
17,all,5,750,0.39868,1388
17,all,6,750,0.43323,1426
17,all,7,750,0.40960,1397
17,all,8,750,0.41919,1413
17,all,9,750,0.41707,1393
17,all,0,1000,0.16664,1374
17,all,1,1000,0.19935,1354
17,all,2,1000,0.16683,1374
17,all,3,1000,0.21970,1400
17,all,4,1000,0.17096,1373
17,all,5,1000,0.17509,1374
17,all,6,1000,0.21469,1384
17,all,7,1000,0.19198,1370
17,all,8,1000,0.16882,1364
17,all,9,1000,0.21552,1351
17,largestonly,0,50,0.67689,654
17,largestonly,1,50,0.66719,684
17,largestonly,2,50,0.67043,663
17,largestonly,3,50,0.65713,658
17,largestonly,4,50,0.66706,655
17,largestonly,5,50,0.68388,665
17,largestonly,6,50,0.65793,667
17,largestonly,7,50,0.66460,675
17,largestonly,8,50,0.65400,657
17,largestonly,9,50,0.68197,656
17,largestonly,0,100,0.81502,747
17,largestonly,1,100,0.81385,743
17,largestonly,2,100,0.81402,743
17,largestonly,3,100,0.82002,748
17,largestonly,4,100,0.81472,750
17,largestonly,5,100,0.81233,755
17,largestonly,6,100,0.83089,745
17,largestonly,7,100,0.81228,741
17,largestonly,8,100,0.80784,744
17,largestonly,9,100,0.82182,730
17,largestonly,0,200,0.83875,1082
17,largestonly,1,200,0.83423,1091
17,largestonly,2,200,0.82944,1051
17,largestonly,3,200,0.84824,1083
17,largestonly,4,200,0.83724,1078
17,largestonly,5,200,0.84029,1070
17,largestonly,6,200,0.83496,1085
17,largestonly,7,200,0.83202,1094
17,largestonly,8,200,0.83834,1035
17,largestonly,9,200,0.83093,1045
17,largestonly,0,300,0.77253,1070
17,largestonly,1,300,0.75492,1053
17,largestonly,2,300,0.77978,1036
17,largestonly,3,300,0.77848,1063
17,largestonly,4,300,0.77782,1047
17,largestonly,5,300,0.77205,1054
17,largestonly,6,300,0.77057,1064
17,largestonly,7,300,0.78953,1058
17,largestonly,8,300,0.75943,1018
17,largestonly,9,300,0.76976,1027
17,largestonly,0,400,0.70928,955
17,largestonly,1,400,0.72832,947
17,largestonly,2,400,0.70694,926
17,largestonly,3,400,0.71893,949
17,largestonly,4,400,0.70542,955
17,largestonly,5,400,0.73091,940
17,largestonly,6,400,0.73314,951
17,largestonly,7,400,0.70824,947
17,largestonly,8,400,0.71139,903
17,largestonly,9,400,0.72502,926
17,largestonly,0,500,0.70977,951
17,largestonly,1,500,0.69701,950
17,largestonly,2,500,0.69129,912
17,largestonly,3,500,0.71333,939
17,largestonly,4,500,0.70896,940
17,largestonly,5,500,0.68319,937
17,largestonly,6,500,0.71264,944
17,largestonly,7,500,0.68289,944
17,largestonly,8,500,0.67909,908
17,largestonly,9,500,0.70213,921
17,largestonly,0,750,0.51201,883
17,largestonly,1,750,0.46804,892
17,largestonly,2,750,0.51834,864
17,largestonly,3,750,0.48502,884
17,largestonly,4,750,0.49127,891
17,largestonly,5,750,0.48299,883
17,largestonly,6,750,0.49482,895
17,largestonly,7,750,0.46535,879
17,largestonly,8,750,0.46118,862
17,largestonly,9,750,0.45613,853
17,largestonly,0,1000,0.20826,873
17,largestonly,1,1000,0.27944,880
17,largestonly,2,1000,0.22556,861
17,largestonly,3,1000,0.25229,888
17,largestonly,4,1000,0.23356,880
17,largestonly,5,1000,0.23044,876
17,largestonly,6,1000,0.27716,883
17,largestonly,7,1000,0.23857,877
17,largestonly,8,1000,0.28449,854
17,largestonly,9,1000,0.27165,852
17,removelargest,0,50,0.65412,744
17,removelargest,1,50,0.65637,722
17,removelargest,2,50,0.65375,721
17,removelargest,3,50,0.64002,722
17,removelargest,4,50,0.64296,730
17,removelargest,5,50,0.62732,751
17,removelargest,6,50,0.66718,717
17,removelargest,7,50,0.63877,743
17,removelargest,8,50,0.62215,735
17,removelargest,9,50,0.64890,720
17,removelargest,0,100,0.85245,806
17,removelargest,1,100,0.84532,806
17,removelargest,2,100,0.85369,801
17,removelargest,3,100,0.84367,813
17,removelargest,4,100,0.85135,805
17,removelargest,5,100,0.84742,813
17,removelargest,6,100,0.83583,823
17,removelargest,7,100,0.86470,803
17,removelargest,8,100,0.85873,807
17,removelargest,9,100,0.84927,804
17,removelargest,0,200,0.86260,1366
17,removelargest,1,200,0.86684,1374
17,removelargest,2,200,0.85538,1369
17,removelargest,3,200,0.86043,1386
17,removelargest,4,200,0.86293,1369
17,removelargest,5,200,0.86704,1369
17,removelargest,6,200,0.87091,1368
17,removelargest,7,200,0.86481,1355
17,removelargest,8,200,0.86148,1379
17,removelargest,9,200,0.85887,1375
17,removelargest,0,300,0.79946,1388
17,removelargest,1,300,0.80744,1363
17,removelargest,2,300,0.80220,1363
17,removelargest,3,300,0.81632,1406
17,removelargest,4,300,0.79754,1374
17,removelargest,5,300,0.80486,1378
17,removelargest,6,300,0.80753,1398
17,removelargest,7,300,0.79596,1379
17,removelargest,8,300,0.80907,1392
17,removelargest,9,300,0.81144,1374
17,removelargest,0,400,0.72012,1163
17,removelargest,1,400,0.72349,1171
17,removelargest,2,400,0.71336,1177
17,removelargest,3,400,0.70373,1199
17,removelargest,4,400,0.73647,1174
17,removelargest,5,400,0.70578,1192
17,removelargest,6,400,0.71985,1209
17,removelargest,7,400,0.69718,1158
17,removelargest,8,400,0.71597,1196
17,removelargest,9,400,0.70726,1177
17,removelargest,0,500,0.64503,1111
17,removelargest,1,500,0.63204,1078
17,removelargest,2,500,0.67232,1097
17,removelargest,3,500,0.65162,1115
17,removelargest,4,500,0.65489,1081
17,removelargest,5,500,0.66771,1121
17,removelargest,6,500,0.67990,1115
17,removelargest,7,500,0.64019,1103
17,removelargest,8,500,0.63841,1096
17,removelargest,9,500,0.63877,1106
17,removelargest,0,750,0.38066,1042
17,removelargest,1,750,0.41934,1021
17,removelargest,2,750,0.40217,1036
17,removelargest,3,750,0.39430,1043
17,removelargest,4,750,0.37373,1025
17,removelargest,5,750,0.40755,1040
17,removelargest,6,750,0.39885,1066
17,removelargest,7,750,0.41350,1037
17,removelargest,8,750,0.38862,1028
17,removelargest,9,750,0.39082,1038
17,removelargest,0,1000,0.16715,1018
17,removelargest,1,1000,0.21136,1011
17,removelargest,2,1000,0.16195,1012
17,removelargest,3,1000,0.18838,1022
17,removelargest,4,1000,0.18336,1002
17,removelargest,5,1000,0.15543,1033
17,removelargest,6,1000,0.19505,1046
17,removelargest,7,1000,0.20339,1003
17,removelargest,8,1000,0.19158,1018
17,removelargest,9,1000,0.21629,1019
17,removetwolargest,0,50,0.76774,366
17,removetwolargest,1,50,0.77277,367
17,removetwolargest,2,50,0.77403,368
17,removetwolargest,3,50,0.80789,371
17,removetwolargest,4,50,0.78959,365
17,removetwolargest,5,50,0.78806,366
17,removetwolargest,6,50,0.81521,354
17,removetwolargest,7,50,0.76900,380
17,removetwolargest,8,50,0.78524,365
17,removetwolargest,9,50,0.80456,353
17,removetwolargest,0,100,0.93219,654
17,removetwolargest,1,100,0.92646,650
17,removetwolargest,2,100,0.93119,659
17,removetwolargest,3,100,0.93284,659
17,removetwolargest,4,100,0.92321,654
17,removetwolargest,5,100,0.93187,651
17,removetwolargest,6,100,0.92802,652
17,removetwolargest,7,100,0.92546,660
17,removetwolargest,8,100,0.93092,655
17,removetwolargest,9,100,0.92730,655
17,removetwolargest,0,200,0.87419,803
17,removetwolargest,1,200,0.87078,833
17,removetwolargest,2,200,0.86438,812
17,removetwolargest,3,200,0.86282,844
17,removetwolargest,4,200,0.87103,798
17,removetwolargest,5,200,0.87976,800
17,removetwolargest,6,200,0.86252,812
17,removetwolargest,7,200,0.86412,811
17,removetwolargest,8,200,0.86577,834
17,removetwolargest,9,200,0.87940,811
17,removetwolargest,0,300,0.82778,617
17,removetwolargest,1,300,0.83078,594
17,removetwolargest,2,300,0.82171,585
17,removetwolargest,3,300,0.82446,571
17,removetwolargest,4,300,0.82514,564
17,removetwolargest,5,300,0.81552,582
17,removetwolargest,6,300,0.84285,579
17,removetwolargest,7,300,0.81416,602
17,removetwolargest,8,300,0.81968,619
17,removetwolargest,9,300,0.82928,566
17,removetwolargest,0,400,0.75680,446
17,removetwolargest,1,400,0.75517,456
17,removetwolargest,2,400,0.76234,477
17,removetwolargest,3,400,0.74907,497
17,removetwolargest,4,400,0.78258,470
17,removetwolargest,5,400,0.75226,470
17,removetwolargest,6,400,0.76983,505
17,removetwolargest,7,400,0.78504,486
17,removetwolargest,8,400,0.75572,494
17,removetwolargest,9,400,0.75767,484
17,removetwolargest,0,500,0.72374,370
17,removetwolargest,1,500,0.65165,372
17,removetwolargest,2,500,0.69929,398
17,removetwolargest,3,500,0.68263,385
17,removetwolargest,4,500,0.67896,386
17,removetwolargest,5,500,0.71310,339
17,removetwolargest,6,500,0.68252,400
17,removetwolargest,7,500,0.72152,395
17,removetwolargest,8,500,0.68469,407
17,removetwolargest,9,500,0.69522,400
17,removetwolargest,0,750,0.40715,307
17,removetwolargest,1,750,0.41868,276
17,removetwolargest,2,750,0.42963,290
17,removetwolargest,3,750,0.44694,267
17,removetwolargest,4,750,0.39121,274
17,removetwolargest,5,750,0.43232,293
17,removetwolargest,6,750,0.42995,282
17,removetwolargest,7,750,0.43816,295
17,removetwolargest,8,750,0.46348,282
17,removetwolargest,9,750,0.44036,292
17,removetwolargest,0,1000,0.15598,276
17,removetwolargest,1,1000,0.18628,253
17,removetwolargest,2,1000,0.21255,240
17,removetwolargest,3,1000,0.19129,265
17,removetwolargest,4,1000,0.21693,261
17,removetwolargest,5,1000,0.15995,245
17,removetwolargest,6,1000,0.19853,260
17,removetwolargest,7,1000,0.22095,256
17,removetwolargest,8,1000,0.18034,246
17,removetwolargest,9,1000,0.17229,259
